ROWNUM,合约,日期,前收盘价,前结算价,开盘价,最高价,最低价,收盘价,结算价,涨跌1,涨跌2,成交量,成交金额,持仓量
1,pp1701,20170103,8740,8756,8740,8740,8510,8510,8557,-246,-199,774,33115640,2882
2,pp1701,20170104,8510,8557,8536,8560,8490,8490,8538,-67,-19,552,23564920,2340
3,pp1701,20170105,8490,8538,8396,8550,8396,8500,8469,-38,-69,106,4488920,2258
4,pp1701,20170106,8500,8469,8600,8600,8402,8447,8511,-22,42,306,13021950,1978
5,pp1701,20170109,8447,8511,8570,8600,8570,8600,8579,89,68,62,2659690,1918
6,pp1701,20170110,8600,8579,8600,8600,8401,8500,8497,-79,-82,176,7478130,1800
7,pp1701,20170111,8500,8497,8383,8660,8383,8660,8486,163,-11,32,1357900,1800
8,pp1701,20170112,8660,8486,8660,8700,8550,8550,8645,64,159,98,4236140,1774
9,pp1701,20170113,8550,8645,8600,8750,8600,8750,8621,105,-24,236,10173310,1628
10,pp1701,20170116,8750,8621,8600,8972,8600,8900,8585,279,-36,590,25772110,0
11,pp1702,20170103,8700,8700,0,0,0,8503,8503,-197,-197,0,0,16
12,pp1702,20170104,8503,8503,8346,8346,8346,8346,8346,-157,-157,2,83460,14
13,pp1702,20170105,8346,8346,0,0,0,8279,8279,-67,-67,0,0,14
14,pp1702,20170106,8279,8279,0,0,0,8279,8279,0,0,0,0,14
15,pp1702,20170109,8279,8279,0,0,0,8345,8345,66,66,0,0,14
16,pp1702,20170110,8345,8345,0,0,0,8266,8266,-79,-79,0,0,14
17,pp1702,20170111,8266,8266,0,0,0,8256,8256,-10,-10,0,0,14
18,pp1702,20170112,8256,8256,8667,8667,8369,8369,8542,113,286,22,939660,24
19,pp1702,20170113,8369,8542,0,0,0,8519,8519,-23,-23,0,0,24
20,pp1702,20170116,8519,8519,8942,8942,8942,8942,8942,423,423,6,268260,18
21,pp1702,20170117,8942,8942,9311,9311,8951,8951,9176,9,234,16,734080,12
22,pp1702,20170118,8951,9176,0,0,0,9176,9176,0,0,0,0,12
23,pp1702,20170119,9176,9176,8800,8800,8800,8800,8800,-376,-376,2,88000,10
24,pp1702,20170120,8800,8800,9240,9240,8392,8907,8852,107,52,34,1504960,8
25,pp1702,20170123,8907,8852,8817,8817,8816,8816,8816,-36,-36,8,352670,6
26,pp1702,20170124,8816,8816,0,0,0,8816,8816,0,0,0,0,6
27,pp1702,20170125,8816,8816,8816,8816,8816,8816,8816,0,0,2,88160,4
28,pp1702,20170126,8816,8816,9432,9432,9432,9432,9432,616,616,4,188640,0
29,pp1702,20170203,9432,9432,0,0,0,9432,9432,0,0,0,0,0
30,pp1702,20170206,9432,9432,0,0,0,9432,9432,0,0,0,0,0
31,pp1702,20170207,9432,9432,0,0,0,9432,9432,0,0,0,0,0
32,pp1702,20170208,9432,9432,0,0,0,9432,9432,0,0,0,0,0
33,pp1702,20170209,9432,9432,0,0,0,9432,9432,0,0,0,0,0
34,pp1702,20170210,9432,9432,0,0,0,9432,9432,0,0,0,0,0
35,pp1702,20170213,9432,9432,0,0,0,9432,9432,0,0,0,0,0
36,pp1702,20170214,9432,9432,0,0,0,9432,9432,0,0,0,0,0
37,pp1702,20170215,9432,9432,0,0,0,9432,9432,0,0,0,0,0
38,pp1702,20170216,9432,9432,0,0,0,9432,9432,0,0,0,0,0
39,pp1703,20170103,8888,8762,0,0,0,8762,8762,0,0,0,0,12
40,pp1703,20170104,8762,8762,0,0,0,8601,8601,-161,-161,0,0,12
41,pp1703,20170105,8601,8601,0,0,0,8601,8601,0,0,0,0,12
42,pp1703,20170106,8601,8601,8551,8551,8551,8551,8551,-50,-50,2,85510,14
43,pp1703,20170109,8551,8551,0,0,0,8619,8619,68,68,0,0,14
44,pp1703,20170110,8619,8619,0,0,0,8619,8619,0,0,0,0,14
45,pp1703,20170111,8619,8619,0,0,0,8619,8619,0,0,0,0,14
46,pp1703,20170112,8619,8619,0,0,0,8619,8619,0,0,0,0,14
47,pp1703,20170113,8619,8619,0,0,0,8619,8619,0,0,0,0,14
48,pp1703,20170116,8619,8619,0,0,0,8619,8619,0,0,0,0,14
49,pp1703,20170117,8619,8619,0,0,0,8619,8619,0,0,0,0,14
50,pp1703,20170118,8619,8619,0,0,0,8619,8619,0,0,0,0,14
51,pp1703,20170119,8619,8619,0,0,0,8619,8619,0,0,0,0,14
52,pp1703,20170120,8619,8619,0,0,0,8669,8669,50,50,0,0,14
53,pp1703,20170123,8669,8669,0,0,0,8634,8634,-35,-35,0,0,14
54,pp1703,20170124,8634,8634,0,0,0,8634,8634,0,0,0,0,14
55,pp1703,20170125,8634,8634,0,0,0,8634,8634,0,0,0,0,14
56,pp1703,20170126,8634,8634,0,0,0,9237,9237,603,603,0,0,14
57,pp1703,20170203,9237,9237,0,0,0,9237,9237,0,0,0,0,14
58,pp1703,20170206,9237,9237,0,0,0,9237,9237,0,0,0,0,14
59,pp1703,20170207,9237,9237,0,0,0,9237,9237,0,0,0,0,14
60,pp1703,20170208,9237,9237,9227,9227,9227,9227,9227,-10,-10,2,92270,12
61,pp1703,20170209,9227,9227,0,0,0,9227,9227,0,0,0,0,12
62,pp1703,20170210,9227,9227,9227,9227,9227,9227,9227,0,0,2,92270,12
63,pp1703,20170213,9227,9227,0,0,0,9227,9227,0,0,0,0,12
64,pp1703,20170214,9227,9227,0,0,0,9227,9227,0,0,0,0,12
65,pp1703,20170215,9227,9227,0,0,0,9200,9200,-27,-27,0,0,12
66,pp1703,20170216,9200,9200,9093,9100,9093,9100,9097,-100,-103,6,272930,6
67,pp1703,20170217,9100,9097,0,0,0,9097,9097,0,0,0,0,6
68,pp1703,20170220,9097,9097,0,0,0,9097,9097,0,0,0,0,6
69,pp1703,20170221,9097,9097,9129,9129,9129,9129,9129,32,32,4,182580,6
70,pp1703,20170222,9129,9129,0,0,0,9129,9129,0,0,0,0,6
71,pp1703,20170223,9129,9129,0,0,0,9129,9129,0,0,0,0,6
72,pp1703,20170224,9129,9129,0,0,0,9129,9129,0,0,0,0,6
73,pp1703,20170227,9129,9129,9129,9129,9129,9129,9129,0,0,2,91290,4
74,pp1703,20170228,9129,9129,9585,9585,9585,9585,9585,456,456,4,191700,4
75,pp1703,20170301,9585,9585,9011,9011,9011,9011,9011,-574,-574,4,180220,4
76,pp1703,20170302,9011,9011,0,0,0,9011,9011,0,0,0,0,4
77,pp1703,20170303,9011,9011,0,0,0,9011,9011,0,0,0,0,4
78,pp1703,20170306,9011,9011,0,0,0,9011,9011,0,0,0,0,4
79,pp1703,20170307,9011,9011,0,0,0,9011,9011,0,0,0,0,4
80,pp1703,20170308,9011,9011,0,0,0,9011,9011,0,0,0,0,4
81,pp1703,20170309,9011,9011,0,0,0,9011,9011,0,0,0,0,4
82,pp1703,20170310,9011,9011,0,0,0,9011,9011,0,0,0,0,4
83,pp1703,20170313,9011,9011,0,0,0,9011,9011,0,0,0,0,4
84,pp1703,20170314,9011,9011,0,0,0,9011,9011,0,0,0,0,0
85,pp1704,20170103,8591,8591,0,0,0,8591,8591,0,0,0,0,56
86,pp1704,20170104,8591,8591,8738,8738,8497,8532,8589,-59,-2,6,257670,56
87,pp1704,20170105,8532,8589,8654,8654,8557,8629,8626,40,37,44,1897910,92
88,pp1704,20170106,8629,8626,8666,8666,8666,8666,8666,40,40,40,1733200,56
89,pp1704,20170109,8666,8666,0,0,0,8666,8666,0,0,0,0,56
90,pp1704,20170110,8666,8666,8600,8600,8600,8600,8600,-66,-66,46,1978000,10
91,pp1704,20170111,8600,8600,0,0,0,8600,8600,0,0,0,0,10
92,pp1704,20170112,8600,8600,0,0,0,8897,8897,297,297,0,0,10
93,pp1704,20170113,8897,8897,0,0,0,8897,8897,0,0,0,0,10
94,pp1704,20170116,8897,8897,0,0,0,9338,9338,441,441,0,0,10
95,pp1704,20170117,9338,9338,0,0,0,9582,9582,244,244,0,0,10
96,pp1704,20170118,9582,9582,0,0,0,9582,9582,0,0,0,0,10
97,pp1704,20170119,9582,9582,0,0,0,9190,9190,-392,-392,0,0,10
98,pp1704,20170120,9190,9190,0,0,0,9244,9244,54,54,0,0,10
99,pp1704,20170123,9244,9244,0,0,0,9207,9207,-37,-37,0,0,10
100,pp1704,20170124,9207,9207,0,0,0,9207,9207,0,0,0,0,10
101,pp1704,20170125,9207,9207,0,0,0,9207,9207,0,0,0,0,10
102,pp1704,20170126,9207,9207,0,0,0,9850,9850,643,643,0,0,10
103,pp1704,20170203,9850,9850,0,0,0,9850,9850,0,0,0,0,10
104,pp1704,20170206,9850,9850,0,0,0,9850,9850,0,0,0,0,10
105,pp1704,20170207,9850,9850,0,0,0,9358,9358,-492,-492,0,0,10
106,pp1704,20170208,9358,9358,0,0,0,9348,9348,-10,-10,0,0,10
107,pp1704,20170209,9348,9348,0,0,0,9348,9348,0,0,0,0,10
108,pp1704,20170210,9348,9348,9073,9329,9073,9235,9211,-113,-137,14,644820,8
109,pp1704,20170213,9235,9211,0,0,0,9211,9211,0,0,0,0,8
110,pp1704,20170214,9211,9211,0,0,0,9211,9211,0,0,0,0,8
111,pp1704,20170215,9211,9211,0,0,0,9211,9211,0,0,0,0,8
112,pp1704,20170216,9211,9211,9479,9479,8949,9066,9186,-145,-25,44,2021130,6
113,pp1704,20170217,9066,9186,0,0,0,9186,9186,0,0,0,0,6
114,pp1704,20170220,9186,9186,0,0,0,9186,9186,0,0,0,0,6
115,pp1704,20170221,9186,9186,8878,9524,8768,8768,8912,-418,-274,12,534740,6
116,pp1704,20170222,8768,8912,0,0,0,8912,8912,0,0,0,0,6
117,pp1704,20170223,8912,8912,0,0,0,8912,8912,0,0,0,0,6
118,pp1704,20170224,8912,8912,0,0,0,8912,8912,0,0,0,0,6
119,pp1704,20170227,8912,8912,0,0,0,8912,8912,0,0,0,0,6
120,pp1704,20170228,8912,8912,0,0,0,9357,9357,445,445,0,0,6
121,pp1704,20170301,9357,9357,8892,8892,8892,8892,8892,-465,-465,2,88920,6
122,pp1704,20170302,8892,8892,8679,8680,8679,8679,8679,-213,-213,6,260380,0
123,pp1704,20170303,8679,8679,0,0,0,8679,8679,0,0,0,0,0
124,pp1704,20170306,8679,8679,0,0,0,8679,8679,0,0,0,0,0
125,pp1704,20170307,8679,8679,0,0,0,8679,8679,0,0,0,0,0
126,pp1704,20170308,8679,8679,0,0,0,8679,8679,0,0,0,0,0
127,pp1704,20170309,8679,8679,0,0,0,8679,8679,0,0,0,0,0
128,pp1704,20170310,8679,8679,0,0,0,8679,8679,0,0,0,0,0
129,pp1704,20170313,8679,8679,0,0,0,8679,8679,0,0,0,0,0
130,pp1704,20170314,8679,8679,0,0,0,8679,8679,0,0,0,0,0
131,pp1704,20170315,8679,8679,0,0,0,8679,8679,0,0,0,0,0
132,pp1704,20170316,8679,8679,0,0,0,8679,8679,0,0,0,0,0
133,pp1704,20170317,8679,8679,0,0,0,8679,8679,0,0,0,0,0
134,pp1704,20170320,8679,8679,0,0,0,8679,8679,0,0,0,0,0
135,pp1704,20170321,8679,8679,0,0,0,8679,8679,0,0,0,0,0
136,pp1704,20170322,8679,8679,0,0,0,8679,8679,0,0,0,0,0
137,pp1704,20170323,8679,8679,0,0,0,8679,8679,0,0,0,0,0
138,pp1704,20170324,8679,8679,0,0,0,8679,8679,0,0,0,0,0
139,pp1704,20170327,8679,8679,0,0,0,8679,8679,0,0,0,0,0
140,pp1704,20170328,8679,8679,0,0,0,8679,8679,0,0,0,0,0
141,pp1704,20170329,8679,8679,0,0,0,8679,8679,0,0,0,0,0
142,pp1704,20170330,8679,8679,0,0,0,8679,8679,0,0,0,0,0
143,pp1704,20170331,8679,8679,0,0,0,8679,8679,0,0,0,0,0
144,pp1704,20170405,8679,8679,0,0,0,8679,8679,0,0,0,0,0
145,pp1704,20170406,8679,8679,0,0,0,8679,8679,0,0,0,0,0
146,pp1704,20170407,8679,8679,0,0,0,8679,8679,0,0,0,0,0
147,pp1704,20170410,8679,8679,0,0,0,8679,8679,0,0,0,0,0
148,pp1704,20170411,8679,8679,0,0,0,8679,8679,0,0,0,0,0
149,pp1704,20170412,8679,8679,0,0,0,8679,8679,0,0,0,0,0
150,pp1704,20170413,8679,8679,0,0,0,8679,8679,0,0,0,0,0
151,pp1704,20170414,8679,8679,0,0,0,8679,8679,0,0,0,0,0
152,pp1704,20170417,8679,8679,0,0,0,8679,8679,0,0,0,0,0
153,pp1704,20170418,8679,8679,0,0,0,8679,8679,0,0,0,0,0
154,pp1705,20170103,8800,8910,8788,8847,8550,8569,8674,-341,-236,397284,17230488160,399904
155,pp1705,20170104,8569,8674,8542,8699,8476,8532,8569,-142,-105,430724,18455600830,429800
156,pp1705,20170105,8532,8569,8588,8637,8508,8552,8568,-17,-1,308804,13230223230,400468
157,pp1705,20170106,8552,8568,8586,8735,8420,8438,8594,-130,26,514820,22123392030,472878
158,pp1705,20170109,8438,8594,8454,8648,8431,8645,8546,51,-48,371340,15868103890,416492
159,pp1705,20170110,8645,8546,8623,8645,8448,8590,8547,44,1,437096,18679423420,439790
160,pp1705,20170111,8590,8547,8630,8690,8543,8590,8609,43,62,426290,18350257210,432650
161,pp1705,20170112,8590,8609,8650,8845,8613,8742,8742,133,133,573354,25062676500,448196
162,pp1705,20170113,8742,8742,8800,8882,8691,8881,8775,139,33,411280,18045002730,429188
163,pp1705,20170116,8881,8775,9040,9210,8915,9199,9095,424,320,463044,21059083650,446084
164,pp1705,20170117,9199,9095,9199,9238,8953,9023,9077,-72,-18,376488,17088453270,400852
165,pp1705,20170118,9023,9077,9003,9129,8951,9088,9047,11,-30,314528,14227997460,422450
166,pp1705,20170119,9088,9047,9016,9040,8820,8946,8906,-101,-141,363246,16175734690,387656
167,pp1705,20170120,8946,8906,8956,9152,8906,9028,9027,122,121,398296,17977509540,427400
168,pp1705,20170123,9028,9027,9108,9262,9073,9190,9192,163,165,378960,17418534370,412436
169,pp1705,20170124,9190,9192,9205,9250,9054,9128,9160,-64,-32,289342,13252258430,403896
170,pp1705,20170125,9128,9160,9128,9456,9106,9418,9309,258,149,361554,16830138550,448956
171,pp1705,20170126,9418,9309,9385,9462,9240,9320,9319,11,10,255380,11900323040,410214
172,pp1705,20170203,9320,9319,9450,9450,9116,9252,9268,-67,-51,261094,12099129370,420434
173,pp1705,20170206,9252,9268,9260,9386,9200,9349,9310,81,42,263518,12267032080,444670
174,pp1705,20170207,9349,9310,9340,9398,9250,9262,9324,-48,14,311548,14524522100,473426
175,pp1705,20170208,9262,9324,9201,9346,9131,9209,9227,-115,-97,379092,17490003850,459330
176,pp1705,20170209,9209,9227,9215,9372,9200,9207,9289,-20,62,437600,20324854260,518448
177,pp1705,20170210,9207,9289,9260,9288,9102,9230,9197,-59,-92,408898,18803440860,492612
178,pp1705,20170213,9230,9197,9333,9550,9330,9548,9480,351,283,444492,21070999760,559038
179,pp1705,20170214,9548,9480,9500,9588,9450,9575,9521,95,41,274746,13080591660,535832
180,pp1705,20170215,9575,9521,9466,9480,9210,9210,9355,-311,-166,475748,22253589830,531300
181,pp1705,20170216,9210,9355,9204,9232,8970,8980,9128,-375,-227,511262,23335865620,436182
182,pp1705,20170217,8980,9128,8998,9096,8845,8921,8982,-207,-146,439962,19759250410,454782
183,pp1705,20170220,8921,8982,8910,9045,8892,8937,8961,-45,-21,267494,11986190130,407460
184,pp1705,20170221,8937,8961,8986,9018,8753,8778,8877,-183,-84,403716,17920427070,485182
185,pp1705,20170222,8778,8877,8754,8877,8732,8773,8800,-104,-77,294338,12951686880,422144
186,pp1705,20170223,8773,8800,8768,8812,8580,8640,8676,-160,-124,400994,17396883220,501212
187,pp1705,20170224,8640,8676,8598,8728,8546,8656,8657,-20,-19,333514,14436719410,435918
188,pp1705,20170227,8656,8657,8703,8851,8673,8687,8756,30,99,391784,17152524980,479966
189,pp1705,20170228,8687,8756,8673,8750,8490,8580,8601,-176,-155,387294,16657415200,462220
190,pp1705,20170301,8580,8601,8640,8695,8524,8564,8615,-37,14,362828,15629930310,492328
191,pp1705,20170302,8564,8615,8600,8620,8474,8591,8551,-24,-64,402160,17196250400,506818
192,pp1705,20170303,8591,8551,8533,8645,8488,8622,8583,71,32,397862,17074897240,507256
193,pp1705,20170306,8622,8583,8620,8766,8618,8725,8708,142,125,357766,15577459920,468702
194,pp1705,20170307,8725,8708,8745,8760,8608,8642,8660,-66,-48,303646,13147913090,480734
195,pp1705,20170308,8642,8660,8550,8550,8316,8316,8398,-344,-262,450648,18923061310,511334
196,pp1705,20170309,8316,8398,8200,8308,8163,8276,8244,-122,-154,339306,13986351050,456080
197,pp1705,20170310,8276,8244,8280,8315,8080,8120,8180,-124,-64,316454,12943089590,482002
198,pp1705,20170313,8120,8180,8035,8249,8000,8245,8094,65,-86,370700,15002892200,457092
199,pp1705,20170314,8245,8094,8218,8282,8100,8140,8191,46,97,324754,13301656170,465382
200,pp1705,20170315,8140,8191,8212,8339,8185,8238,8274,47,83,344696,14260801440,465442
201,pp1705,20170316,8238,8274,8284,8385,8242,8348,8311,74,37,329468,13692038200,456842
202,pp1705,20170317,8348,8311,8351,8418,8302,8355,8362,44,51,270334,11303924040,427624
203,pp1705,20170320,8355,8362,8350,8384,8170,8292,8242,-70,-120,410990,16938329290,454700
204,pp1705,20170321,8292,8242,8277,8369,8260,8269,8319,27,77,370740,15421004330,405980
205,pp1705,20170322,8269,8319,8200,8215,8080,8103,8129,-216,-190,364782,14828247650,444344
206,pp1705,20170323,8103,8129,8166,8244,8160,8171,8201,42,72,269586,11055205270,379726
207,pp1705,20170324,8171,8201,8192,8275,8125,8142,8203,-59,2,309698,12703714620,379196
208,pp1705,20170327,8142,8203,8090,8092,7824,7906,7927,-297,-276,373946,14821829280,382504
209,pp1705,20170328,7906,7927,7978,8017,7910,7928,7961,1,34,202182,8047999170,348306
210,pp1705,20170329,7928,7961,8040,8240,8030,8237,8126,276,165,317482,12900368230,354810
211,pp1705,20170330,8237,8126,8268,8320,8100,8124,8187,-2,61,264878,10843199820,318396
212,pp1705,20170331,8124,8187,8201,8254,8000,8047,8148,-140,-39,291422,11873196100,345412
213,pp1705,20170405,8047,8148,7936,8349,7936,8311,8192,163,44,310452,12716700460,306436
214,pp1705,20170406,8311,8192,8280,8337,8222,8323,8273,131,81,186936,7732778540,283376
215,pp1705,20170407,8323,8273,8222,8472,8179,8261,8319,-12,46,331484,13789286200,303880
216,pp1705,20170410,8261,8319,8300,8300,8050,8052,8133,-267,-186,252836,10282075640,239216
217,pp1705,20170411,8052,8133,8130,8190,8072,8100,8131,-33,-2,132278,5377866630,201806
218,pp1705,20170412,8100,8131,8100,8144,8030,8047,8078,-84,-53,78646,3176607950,169960
219,pp1705,20170413,8047,8078,7992,8075,7986,7998,8037,-80,-41,74504,2994236360,146588
220,pp1705,20170414,7998,8037,8012,8047,7850,7908,7924,-129,-113,81190,3216923820,119498
221,pp1705,20170417,7908,7924,7958,7999,7831,7856,7919,-68,-5,38886,1539877920,101470
222,pp1705,20170418,7856,7919,7900,7900,7740,7742,7776,-177,-143,47100,1831483000,85130
223,pp1705,20170419,7742,7776,7770,7793,7672,7751,7733,-25,-43,37424,1447025330,67768
224,pp1705,20170420,7751,7733,7720,7770,7639,7750,7687,17,-46,31852,1224310220,55728
225,pp1705,20170421,7750,7687,7718,7870,7713,7713,7777,26,90,19756,768217060,47964
226,pp1705,20170424,7713,7777,7660,7684,7612,7621,7643,-156,-134,25868,988673340,37372
227,pp1705,20170425,7621,7643,7630,7662,7600,7628,7636,-15,-7,18218,695610950,25534
228,pp1705,20170426,7628,7636,7659,7707,7561,7652,7656,16,20,14454,553341380,20448
229,pp1705,20170427,7652,7656,7656,7739,7656,7725,7713,69,57,12388,477770720,11402
230,pp1705,20170428,7725,7713,7728,7830,7728,7830,7784,117,71,8104,315445230,6386
231,pp1705,20170502,7830,7784,7800,7841,7730,7780,7778,-4,-6,1532,59583500,5722
232,pp1705,20170503,7780,7778,7772,7790,7730,7768,7761,-10,-17,1756,68142560,4808
233,pp1705,20170504,7768,7761,7511,7648,7500,7550,7544,-211,-217,1050,39607590,4414
234,pp1705,20170505,7550,7544,7460,7504,7460,7495,7482,-49,-62,366,13693300,4348
235,pp1705,20170508,7495,7482,7538,7677,7520,7520,7580,38,98,430,16298380,4400
236,pp1705,20170509,7520,7580,7494,7578,7450,7500,7493,-80,-87,94,3521760,4386
237,pp1705,20170510,7500,7493,7487,7490,7330,7350,7352,-143,-141,158,5808370,4374
238,pp1705,20170511,7350,7352,7400,7450,7400,7400,7405,48,53,204,7554000,4448
239,pp1705,20170512,7400,7405,7452,7487,7386,7386,7411,-19,6,380,14081410,4400
240,pp1705,20170515,7386,7411,7500,7649,7485,7578,7643,167,232,1108,42221980,0
241,pp1706,20170103,8921,8921,0,0,0,8710,8710,-211,-211,0,0,12
242,pp1706,20170104,8710,8710,8424,8599,8424,8599,8511,-111,-199,4,170230,12
243,pp1706,20170105,8599,8511,0,0,0,8511,8511,0,0,0,0,12
244,pp1706,20170106,8511,8511,8400,8513,8400,8513,8456,2,-55,4,169130,12
245,pp1706,20170109,8513,8456,0,0,0,8456,8456,0,0,0,0,12
246,pp1706,20170110,8456,8456,0,0,0,8456,8456,0,0,0,0,12
247,pp1706,20170111,8456,8456,0,0,0,8456,8456,0,0,0,0,12
248,pp1706,20170112,8456,8456,8845,8853,8795,8853,8833,397,377,28,1236700,32
249,pp1706,20170113,8853,8833,8701,8715,8700,8715,8706,-118,-127,18,783610,22
250,pp1706,20170116,8715,8706,0,0,0,9023,9023,317,317,0,0,22
251,pp1706,20170117,9023,9023,8983,9054,8841,9054,8972,31,-51,14,628100,12
252,pp1706,20170118,9054,8972,0,0,0,9022,9022,50,50,0,0,12
253,pp1706,20170119,9022,9022,0,0,0,9022,9022,0,0,0,0,12
254,pp1706,20170120,9022,9022,0,0,0,9022,9022,0,0,0,0,12
255,pp1706,20170123,9022,9022,0,0,0,9075,9075,53,53,0,0,12
256,pp1706,20170124,9075,9075,0,0,0,9075,9075,0,0,0,0,12
257,pp1706,20170125,9075,9075,9457,9457,9457,9457,9457,382,382,2,94570,12
258,pp1706,20170126,9457,9457,0,0,0,9457,9457,0,0,0,0,12
259,pp1706,20170203,9457,9457,0,0,0,9457,9457,0,0,0,0,12
260,pp1706,20170206,9457,9457,0,0,0,9457,9457,0,0,0,0,12
261,pp1706,20170207,9457,9457,0,0,0,9457,9457,0,0,0,0,12
262,pp1706,20170208,9457,9457,0,0,0,9457,9457,0,0,0,0,12
263,pp1706,20170209,9457,9457,0,0,0,9457,9457,0,0,0,0,12
264,pp1706,20170210,9457,9457,9200,9312,9160,9312,9181,-145,-276,202,9273120,14
265,pp1706,20170213,9312,9181,0,0,0,9397,9397,216,216,0,0,14
266,pp1706,20170214,9397,9397,0,0,0,9437,9437,40,40,0,0,14
267,pp1706,20170215,9437,9437,0,0,0,9273,9273,-164,-164,0,0,14
268,pp1706,20170216,9273,9273,0,0,0,9215,9215,-58,-58,0,0,14
269,pp1706,20170217,9215,9215,0,0,0,9214,9214,-1,-1,0,0,14
270,pp1706,20170220,9214,9214,0,0,0,9138,9138,-76,-76,0,0,14
271,pp1706,20170221,9138,9138,9138,9138,8808,8808,8973,-330,-165,4,179460,14
272,pp1706,20170222,8808,8973,0,0,0,8973,8973,0,0,0,0,14
273,pp1706,20170223,8973,8973,8886,8886,8649,8762,8740,-211,-233,28,1223630,18
274,pp1706,20170224,8762,8740,8648,8845,8648,8823,8742,83,2,8,349700,18
275,pp1706,20170227,8823,8742,8968,8968,8837,8837,8902,95,160,8,356100,14
276,pp1706,20170228,8837,8902,0,0,0,8902,8902,0,0,0,0,14
277,pp1706,20170301,8902,8902,9000,9000,8822,8822,8911,-80,9,4,178220,16
278,pp1706,20170302,8822,8911,0,0,0,8911,8911,0,0,0,0,16
279,pp1706,20170303,8911,8911,0,0,0,8911,8911,0,0,0,0,16
280,pp1706,20170306,8911,8911,8915,8915,8655,8780,8708,-131,-203,168,7314770,62
281,pp1706,20170307,8780,8708,8649,8676,8626,8626,8649,-82,-59,472,20412050,372
282,pp1706,20170308,8626,8649,8886,8886,8400,8400,8575,-249,-74,502,21523340,102
283,pp1706,20170309,8400,8575,8255,8255,8255,8255,8255,-320,-320,80,3302000,24
284,pp1706,20170310,8255,8255,0,0,0,8246,8246,-9,-9,0,0,24
285,pp1706,20170313,8246,8246,8074,8074,8074,8074,8074,-172,-172,4,161480,22
286,pp1706,20170314,8074,8074,0,0,0,8074,8074,0,0,0,0,22
287,pp1706,20170315,8074,8074,8222,8222,8222,8222,8222,148,148,2,82220,22
288,pp1706,20170316,8222,8222,8497,8497,8232,8474,8401,252,179,6,252030,20
289,pp1706,20170317,8474,8401,0,0,0,8401,8401,0,0,0,0,20
290,pp1706,20170320,8401,8401,0,0,0,8401,8401,0,0,0,0,20
291,pp1706,20170321,8401,8401,0,0,0,8401,8401,0,0,0,0,20
292,pp1706,20170322,8401,8401,0,0,0,8210,8210,-191,-191,0,0,20
293,pp1706,20170323,8210,8210,0,0,0,8210,8210,0,0,0,0,20
294,pp1706,20170324,8210,8210,8122,8122,8122,8122,8122,-88,-88,2,81220,20
295,pp1706,20170327,8122,8122,8131,8131,8131,8131,8131,9,9,2,81310,20
296,pp1706,20170328,8131,8131,0,0,0,8131,8131,0,0,0,0,20
297,pp1706,20170329,8131,8131,0,0,0,8131,8131,0,0,0,0,20
298,pp1706,20170330,8131,8131,0,0,0,8131,8131,0,0,0,0,20
299,pp1706,20170331,8131,8131,8363,8363,8124,8124,8238,-7,107,12,494280,16
300,pp1706,20170405,8124,8238,8238,8238,8238,8238,8238,0,0,2,82380,14
301,pp1706,20170406,8238,8238,8414,8414,8198,8339,8311,101,73,114,4737690,18
302,pp1706,20170407,8339,8311,0,0,0,8311,8311,0,0,0,0,18
303,pp1706,20170410,8311,8311,0,0,0,8126,8126,-185,-185,0,0,18
304,pp1706,20170411,8126,8126,8129,8137,7931,8137,8092,11,-34,24,971130,18
305,pp1706,20170412,8137,8092,0,0,0,8092,8092,0,0,0,0,18
306,pp1706,20170413,8092,8092,8200,8200,8125,8125,8159,33,67,10,407990,12
307,pp1706,20170414,8125,8159,7820,7820,7820,7820,7820,-339,-339,12,469200,12
308,pp1706,20170417,7820,7820,8087,8087,7893,8035,8020,215,200,12,481200,12
309,pp1706,20170418,8035,8020,0,0,0,8020,8020,0,0,0,0,12
310,pp1706,20170419,8020,8020,7757,7757,7757,7757,7757,-263,-263,2,77570,12
311,pp1706,20170420,7757,7757,0,0,0,7711,7711,-46,-46,0,0,12
312,pp1706,20170421,7711,7711,7708,7708,7708,7708,7708,-3,-3,2,77080,12
313,pp1706,20170424,7708,7708,7708,7708,7708,7708,7708,0,0,2,77080,12
314,pp1706,20170425,7708,7708,0,0,0,7701,7701,-7,-7,0,0,12
315,pp1706,20170426,7701,7701,0,0,0,7701,7701,0,0,0,0,12
316,pp1706,20170427,7701,7701,0,0,0,7758,7758,57,57,0,0,12
317,pp1706,20170428,7758,7758,0,0,0,7758,7758,0,0,0,0,12
318,pp1706,20170502,7758,7758,7848,7982,7848,7982,7893,224,135,6,236800,10
319,pp1706,20170503,7982,7893,0,0,0,7876,7876,-17,-17,0,0,10
320,pp1706,20170504,7876,7876,0,0,0,7656,7656,-220,-220,0,0,10
321,pp1706,20170505,7656,7656,0,0,0,7594,7594,-62,-62,0,0,10
322,pp1706,20170508,7594,7594,0,0,0,7594,7594,0,0,0,0,10
323,pp1706,20170509,7594,7594,0,0,0,7507,7507,-87,-87,0,0,10
324,pp1706,20170510,7507,7507,0,0,0,7366,7366,-141,-141,0,0,10
325,pp1706,20170511,7366,7366,0,0,0,7419,7419,53,53,0,0,10
326,pp1706,20170512,7419,7419,7634,7636,7634,7636,7635,217,216,4,152700,12
327,pp1706,20170515,7636,7635,7850,7850,7830,7830,7840,195,205,4,156800,12
328,pp1706,20170516,7830,7840,7887,7964,7887,7964,7925,124,85,4,158510,16
329,pp1706,20170517,7964,7925,7944,7944,7944,7944,7944,19,19,2,79440,16
330,pp1706,20170518,7944,7944,7548,7894,7547,7871,7640,-73,-304,56,2139430,22
331,pp1706,20170519,7871,7640,7910,8000,7910,8000,7955,360,315,4,159100,20
332,pp1706,20170522,8000,7955,8330,8378,8330,8378,8359,423,404,6,250790,20
333,pp1706,20170523,8378,8359,8441,8441,8422,8422,8431,63,72,4,168630,20
334,pp1706,20170524,8422,8431,0,0,0,8431,8431,0,0,0,0,20
335,pp1706,20170525,8431,8431,8578,8690,8202,8690,8479,259,48,18,763170,18
336,pp1706,20170526,8690,8479,8888,8888,8479,8838,8705,359,226,12,522340,16
337,pp1706,20170531,8838,8705,8500,9140,8272,8272,8366,-433,-339,30,1255040,12
338,pp1706,20170601,8272,8366,7800,7800,7800,7800,7800,-566,-566,2,78000,12
339,pp1706,20170602,7800,7800,7500,7500,7500,7500,7500,-300,-300,2,75000,12
340,pp1706,20170605,7500,7500,7950,7950,7950,7950,7950,450,450,2,79500,14
341,pp1706,20170606,7950,7950,0,0,0,7950,7950,0,0,0,0,14
342,pp1706,20170607,7950,7950,0,0,0,7950,7950,0,0,0,0,14
343,pp1706,20170608,7950,7950,0,0,0,7950,7950,0,0,0,0,14
344,pp1706,20170609,7950,7950,0,0,0,7950,7950,0,0,0,0,14
345,pp1706,20170612,7950,7950,8427,8427,8427,8427,8427,477,477,2,84270,12
346,pp1706,20170613,8427,8427,0,0,0,8427,8427,0,0,0,0,12
347,pp1706,20170614,8427,8427,0,0,0,7919,7919,-508,-508,0,0,0
348,pp1707,20170103,8774,8774,0,0,0,8774,8774,0,0,0,0,12
349,pp1707,20170104,8774,8774,0,0,0,8574,8574,-200,-200,0,0,12
350,pp1707,20170105,8574,8574,0,0,0,8574,8574,0,0,0,0,12
351,pp1707,20170106,8574,8574,0,0,0,8574,8574,0,0,0,0,12
352,pp1707,20170109,8574,8574,0,0,0,8574,8574,0,0,0,0,12
353,pp1707,20170110,8574,8574,0,0,0,8574,8574,0,0,0,0,12
354,pp1707,20170111,8574,8574,0,0,0,8574,8574,0,0,0,0,12
355,pp1707,20170112,8574,8574,0,0,0,8956,8956,382,382,0,0,12
356,pp1707,20170113,8956,8956,0,0,0,8956,8956,0,0,0,0,12
357,pp1707,20170116,8956,8956,0,0,0,9282,9282,326,326,0,0,12
358,pp1707,20170117,9282,9282,0,0,0,9230,9230,-52,-52,0,0,12
359,pp1707,20170118,9230,9230,0,0,0,9200,9200,-30,-30,0,0,12
360,pp1707,20170119,9200,9200,0,0,0,9057,9057,-143,-143,0,0,12
361,pp1707,20170120,9057,9057,8970,8970,8970,8970,8970,-87,-87,2,89700,12
362,pp1707,20170123,8970,8970,0,0,0,9133,9133,163,163,0,0,12
363,pp1707,20170124,9133,9133,0,0,0,9102,9102,-31,-31,0,0,12
364,pp1707,20170125,9102,9102,0,0,0,9102,9102,0,0,0,0,12
365,pp1707,20170126,9102,9102,0,0,0,9111,9111,9,9,0,0,12
366,pp1707,20170203,9111,9111,0,0,0,9062,9062,-49,-49,0,0,12
367,pp1707,20170206,9062,9062,0,0,0,9062,9062,0,0,0,0,12
368,pp1707,20170207,9062,9062,0,0,0,9075,9075,13,13,0,0,12
369,pp1707,20170208,9075,9075,9260,9260,9260,9260,9260,185,185,2,92600,12
370,pp1707,20170209,9260,9260,0,0,0,9260,9260,0,0,0,0,12
371,pp1707,20170210,9260,9260,9260,9260,9260,9260,9260,0,0,4,185200,8
372,pp1707,20170213,9260,9260,0,0,0,9544,9544,284,284,0,0,8
373,pp1707,20170214,9544,9544,0,0,0,9544,9544,0,0,0,0,8
374,pp1707,20170215,9544,9544,9340,9340,9333,9333,9336,-211,-208,4,186730,10
375,pp1707,20170216,9333,9336,0,0,0,9110,9110,-226,-226,0,0,10
376,pp1707,20170217,9110,9110,0,0,0,8965,8965,-145,-145,0,0,10
377,pp1707,20170220,8965,8965,0,0,0,8965,8965,0,0,0,0,10
378,pp1707,20170221,8965,8965,8952,8952,8952,8952,8952,-13,-13,2,89520,10
379,pp1707,20170222,8952,8952,0,0,0,8952,8952,0,0,0,0,10
380,pp1707,20170223,8952,8952,0,0,0,8720,8720,-232,-232,0,0,10
381,pp1707,20170224,8720,8720,0,0,0,8720,8720,0,0,0,0,10
382,pp1707,20170227,8720,8720,0,0,0,8720,8720,0,0,0,0,10
383,pp1707,20170228,8720,8720,0,0,0,8720,8720,0,0,0,0,10
384,pp1707,20170301,8720,8720,0,0,0,8720,8720,0,0,0,0,10
385,pp1707,20170302,8720,8720,0,0,0,8720,8720,0,0,0,0,10
386,pp1707,20170303,8720,8720,0,0,0,8720,8720,0,0,0,0,10
387,pp1707,20170306,8720,8720,0,0,0,8720,8720,0,0,0,0,10
388,pp1707,20170307,8720,8720,0,0,0,8720,8720,0,0,0,0,10
389,pp1707,20170308,8720,8720,8703,8703,8606,8606,8654,-114,-66,4,173090,12
390,pp1707,20170309,8606,8654,8319,8319,8319,8319,8319,-335,-335,2,83190,10
391,pp1707,20170310,8319,8319,8292,8292,8266,8266,8279,-53,-40,4,165580,8
392,pp1707,20170313,8266,8279,8290,8290,8087,8087,8213,-192,-66,8,328530,10
393,pp1707,20170314,8087,8213,0,0,0,8311,8311,98,98,0,0,10
394,pp1707,20170315,8311,8311,0,0,0,8463,8463,152,152,0,0,10
395,pp1707,20170316,8463,8463,0,0,0,8647,8647,184,184,0,0,10
396,pp1707,20170317,8647,8647,0,0,0,8700,8700,53,53,0,0,10
397,pp1707,20170320,8700,8700,0,0,0,8576,8576,-124,-124,0,0,10
398,pp1707,20170321,8576,8576,0,0,0,8656,8656,80,80,0,0,10
399,pp1707,20170322,8656,8656,0,0,0,8459,8459,-197,-197,0,0,10
400,pp1707,20170323,8459,8459,0,0,0,8533,8533,74,74,0,0,10
401,pp1707,20170324,8533,8533,8222,8222,8222,8222,8222,-311,-311,2,82220,10
402,pp1707,20170327,8222,8222,0,0,0,8231,8231,9,9,0,0,10
403,pp1707,20170328,8231,8231,0,0,0,8266,8266,35,35,0,0,10
404,pp1707,20170329,8266,8266,0,0,0,8266,8266,0,0,0,0,10
405,pp1707,20170330,8266,8266,0,0,0,8266,8266,0,0,0,0,10
406,pp1707,20170331,8266,8266,0,0,0,8374,8374,108,108,0,0,10
407,pp1707,20170405,8374,8374,0,0,0,8374,8374,0,0,0,0,10
408,pp1707,20170406,8374,8374,0,0,0,8374,8374,0,0,0,0,10
409,pp1707,20170407,8374,8374,0,0,0,8420,8420,46,46,0,0,10
410,pp1707,20170410,8420,8420,0,0,0,8232,8232,-188,-188,0,0,10
411,pp1707,20170411,8232,8232,8127,8127,8127,8127,8127,-105,-105,2,81270,8
412,pp1707,20170412,8127,8127,8011,8011,8011,8011,8011,-116,-116,2,80110,8
413,pp1707,20170413,8011,8011,0,0,0,8011,8011,0,0,0,0,8
414,pp1707,20170414,8011,8011,0,0,0,8011,8011,0,0,0,0,8
415,pp1707,20170417,8011,8011,0,0,0,8215,8215,204,204,0,0,8
416,pp1707,20170418,8215,8215,0,0,0,8067,8067,-148,-148,0,0,8
417,pp1707,20170419,8067,8067,0,0,0,7803,7803,-264,-264,0,0,8
418,pp1707,20170420,7803,7803,0,0,0,7757,7757,-46,-46,0,0,8
419,pp1707,20170421,7757,7757,0,0,0,7757,7757,0,0,0,0,8
420,pp1707,20170424,7757,7757,7532,7532,7532,7532,7532,-225,-225,4,150640,4
421,pp1707,20170425,7532,7532,0,0,0,7526,7526,-6,-6,0,0,4
422,pp1707,20170426,7526,7526,0,0,0,7545,7545,19,19,0,0,4
423,pp1707,20170427,7545,7545,0,0,0,7601,7601,56,56,0,0,4
424,pp1707,20170428,7601,7601,0,0,0,7670,7670,69,69,0,0,4
425,pp1707,20170502,7670,7670,0,0,0,7803,7803,133,133,0,0,4
426,pp1707,20170503,7803,7803,0,0,0,7786,7786,-17,-17,0,0,4
427,pp1707,20170504,7786,7786,0,0,0,7569,7569,-217,-217,0,0,4
428,pp1707,20170505,7569,7569,0,0,0,7569,7569,0,0,0,0,4
429,pp1707,20170508,7569,7569,0,0,0,7668,7668,99,99,0,0,4
430,pp1707,20170509,7668,7668,0,0,0,7668,7668,0,0,0,0,4
431,pp1707,20170510,7668,7668,0,0,0,7524,7524,-144,-144,0,0,4
432,pp1707,20170511,7524,7524,0,0,0,7578,7578,54,54,0,0,4
433,pp1707,20170512,7578,7578,7622,7622,7622,7622,7622,44,44,2,76220,4
434,pp1707,20170515,7622,7622,7622,7622,7622,7622,7622,0,0,2,76220,2
435,pp1707,20170516,7622,7622,0,0,0,7704,7704,82,82,0,0,2
436,pp1707,20170517,7704,7704,0,0,0,7722,7722,18,18,0,0,2
437,pp1707,20170518,7722,7722,0,0,0,7427,7427,-295,-295,0,0,2
438,pp1707,20170519,7427,7427,7798,7798,7798,7798,7798,371,371,2,77980,4
439,pp1707,20170522,7798,7798,8270,8270,8270,8270,8270,472,472,4,165400,8
440,pp1707,20170523,8270,8270,0,0,0,8270,8270,0,0,0,0,8
441,pp1707,20170524,8270,8270,8145,8145,8145,8145,8145,-125,-125,2,81450,6
442,pp1707,20170525,8145,8145,0,0,0,8191,8191,46,46,0,0,6
443,pp1707,20170526,8191,8191,8200,8200,7798,7798,8066,-393,-125,6,241980,0
444,pp1707,20170531,7798,8066,0,0,0,8066,8066,0,0,0,0,0
445,pp1707,20170601,8066,8066,7782,7782,7782,7782,7782,-284,-284,2,77820,2
446,pp1707,20170602,7782,7782,7472,7472,7472,7472,7472,-310,-310,2,74720,2
447,pp1707,20170605,7472,7472,7444,7808,7405,7808,7616,336,144,160,6093000,2
448,pp1707,20170606,7808,7616,0,0,0,7616,7616,0,0,0,0,2
449,pp1707,20170607,7616,7616,0,0,0,7616,7616,0,0,0,0,2
450,pp1707,20170608,7616,7616,7452,7991,7452,7991,7721,375,105,4,154430,4
451,pp1707,20170609,7991,7721,0,0,0,7721,7721,0,0,0,0,4
452,pp1707,20170612,7721,7721,0,0,0,7721,7721,0,0,0,0,4
453,pp1707,20170613,7721,7721,0,0,0,7721,7721,0,0,0,0,4
454,pp1707,20170614,7721,7721,0,0,0,7721,7721,0,0,0,0,4
455,pp1707,20170615,7721,7721,7722,7722,7722,7722,7722,1,1,4,154440,4
456,pp1707,20170616,7722,7722,0,0,0,7722,7722,0,0,0,0,4
457,pp1707,20170619,7722,7722,7777,8095,7501,8000,7877,278,155,18,708980,6
458,pp1707,20170620,8000,7877,7486,7886,7486,7886,7766,9,-111,16,621280,8
459,pp1707,20170621,7886,7766,0,0,0,7766,7766,0,0,0,0,8
460,pp1707,20170622,7766,7766,0,0,0,7766,7766,0,0,0,0,8
461,pp1707,20170623,7766,7766,0,0,0,7766,7766,0,0,0,0,8
462,pp1707,20170626,7766,7766,0,0,0,7766,7766,0,0,0,0,8
463,pp1707,20170627,7766,7766,0,0,0,7766,7766,0,0,0,0,8
464,pp1707,20170628,7766,7766,0,0,0,7766,7766,0,0,0,0,8
465,pp1707,20170629,7766,7766,7916,7916,7700,7701,7736,-65,-30,12,464190,6
466,pp1707,20170630,7701,7736,7600,7899,7350,7350,7612,-386,-124,8,304490,4
467,pp1707,20170703,7350,7612,0,0,0,7612,7612,0,0,0,0,4
468,pp1707,20170704,7612,7612,7180,7180,7180,7180,7180,-432,-432,2,71800,2
469,pp1707,20170705,7180,7180,0,0,0,7180,7180,0,0,0,0,2
470,pp1707,20170706,7180,7180,0,0,0,7180,7180,0,0,0,0,2
471,pp1707,20170707,7180,7180,0,0,0,7180,7180,0,0,0,0,2
472,pp1707,20170710,7180,7180,0,0,0,7180,7180,0,0,0,0,2
473,pp1707,20170711,7180,7180,0,0,0,7610,7610,430,430,0,0,2
474,pp1707,20170712,7610,7610,0,0,0,7610,7610,0,0,0,0,2
475,pp1707,20170713,7610,7610,0,0,0,7610,7610,0,0,0,0,2
476,pp1707,20170714,7610,7610,7600,7600,7600,7600,7390,-10,-220,2,76000,0
477,pp1708,20170103,8718,8718,0,0,0,8718,8718,0,0,0,0,14
478,pp1708,20170104,8718,8718,0,0,0,8718,8718,0,0,0,0,14
479,pp1708,20170105,8718,8718,0,0,0,8718,8718,0,0,0,0,14
480,pp1708,20170106,8718,8718,0,0,0,8718,8718,0,0,0,0,14
481,pp1708,20170109,8718,8718,0,0,0,8718,8718,0,0,0,0,14
482,pp1708,20170110,8718,8718,0,0,0,8718,8718,0,0,0,0,14
483,pp1708,20170111,8718,8718,0,0,0,8718,8718,0,0,0,0,14
484,pp1708,20170112,8718,8718,0,0,0,8718,8718,0,0,0,0,14
485,pp1708,20170113,8718,8718,0,0,0,8718,8718,0,0,0,0,14
486,pp1708,20170116,8718,8718,0,0,0,9035,9035,317,317,0,0,14
487,pp1708,20170117,9035,9035,0,0,0,9035,9035,0,0,0,0,14
488,pp1708,20170118,9035,9035,0,0,0,9006,9006,-29,-29,0,0,14
489,pp1708,20170119,9006,9006,0,0,0,9006,9006,0,0,0,0,14
490,pp1708,20170120,9006,9006,0,0,0,8920,8920,-86,-86,0,0,14
491,pp1708,20170123,8920,8920,0,0,0,8920,8920,0,0,0,0,14
492,pp1708,20170124,8920,8920,9063,9063,9063,9063,9063,143,143,2,90630,12
493,pp1708,20170125,9063,9063,0,0,0,9444,9444,381,381,0,0,12
494,pp1708,20170126,9444,9444,0,0,0,9454,9454,10,10,0,0,12
495,pp1708,20170203,9454,9454,0,0,0,9403,9403,-51,-51,0,0,12
496,pp1708,20170206,9403,9403,0,0,0,9403,9403,0,0,0,0,12
497,pp1708,20170207,9403,9403,0,0,0,9403,9403,0,0,0,0,12
498,pp1708,20170208,9403,9403,0,0,0,9403,9403,0,0,0,0,12
499,pp1708,20170209,9403,9403,0,0,0,9403,9403,0,0,0,0,12
500,pp1708,20170210,9403,9403,9240,9240,9240,9240,9240,-163,-163,4,184800,10
501,pp1708,20170213,9240,9240,0,0,0,9524,9524,284,284,0,0,10
502,pp1708,20170214,9524,9524,0,0,0,9524,9524,0,0,0,0,10
503,pp1708,20170215,9524,9524,0,0,0,9524,9524,0,0,0,0,10
504,pp1708,20170216,9524,9524,0,0,0,9293,9293,-231,-231,0,0,10
505,pp1708,20170217,9293,9293,0,0,0,9145,9145,-148,-148,0,0,10
506,pp1708,20170220,9145,9145,0,0,0,9145,9145,0,0,0,0,10
507,pp1708,20170221,9145,9145,0,0,0,9145,9145,0,0,0,0,10
508,pp1708,20170222,9145,9145,0,0,0,9066,9066,-79,-79,0,0,10
509,pp1708,20170223,9066,9066,0,0,0,9066,9066,0,0,0,0,10
510,pp1708,20170224,9066,9066,0,0,0,9068,9068,2,2,0,0,10
511,pp1708,20170227,9068,9068,0,0,0,9233,9233,165,165,0,0,10
512,pp1708,20170228,9233,9233,8772,8772,8772,8772,8772,-461,-461,4,175440,12
513,pp1708,20170301,8772,8772,0,0,0,8772,8772,0,0,0,0,12
514,pp1708,20170302,8772,8772,8770,8770,8770,8770,8770,-2,-2,2,87700,10
515,pp1708,20170303,8770,8770,0,0,0,8770,8770,0,0,0,0,10
516,pp1708,20170306,8770,8770,0,0,0,8571,8571,-199,-199,0,0,10
517,pp1708,20170307,8571,8571,0,0,0,8513,8513,-58,-58,0,0,10
518,pp1708,20170308,8513,8513,0,0,0,8513,8513,0,0,0,0,10
519,pp1708,20170309,8513,8513,0,0,0,8513,8513,0,0,0,0,10
520,pp1708,20170310,8513,8513,0,0,0,8513,8513,0,0,0,0,10
521,pp1708,20170313,8513,8513,0,0,0,8513,8513,0,0,0,0,10
522,pp1708,20170314,8513,8513,0,0,0,8513,8513,0,0,0,0,10
523,pp1708,20170315,8513,8513,0,0,0,8513,8513,0,0,0,0,10
524,pp1708,20170316,8513,8513,8450,8593,8450,8593,8521,80,8,4,170430,10
525,pp1708,20170317,8593,8521,8773,8773,8455,8455,8614,-66,93,8,344560,10
526,pp1708,20170320,8455,8614,0,0,0,8491,8491,-123,-123,0,0,10
527,pp1708,20170321,8491,8491,0,0,0,8570,8570,79,79,0,0,10
528,pp1708,20170322,8570,8570,0,0,0,8375,8375,-195,-195,0,0,10
529,pp1708,20170323,8375,8375,0,0,0,8375,8375,0,0,0,0,10
530,pp1708,20170324,8375,8375,0,0,0,8375,8375,0,0,0,0,10
531,pp1708,20170327,8375,8375,7957,7957,7957,7957,7957,-418,-418,4,159140,10
532,pp1708,20170328,7957,7957,0,0,0,7991,7991,34,34,0,0,10
533,pp1708,20170329,7991,7991,8294,8294,8149,8208,8219,217,228,14,575390,12
534,pp1708,20170330,8208,8219,0,0,0,8219,8219,0,0,0,0,12
535,pp1708,20170331,8219,8219,0,0,0,8219,8219,0,0,0,0,12
536,pp1708,20170405,8219,8219,0,0,0,8219,8219,0,0,0,0,12
537,pp1708,20170406,8219,8219,8320,8320,8320,8320,8320,101,101,6,249600,10
538,pp1708,20170407,8320,8320,8341,8345,8341,8345,8343,25,23,4,166860,8
539,pp1708,20170410,8345,8343,0,0,0,8343,8343,0,0,0,0,8
540,pp1708,20170411,8343,8343,7980,8137,7926,8137,8045,-206,-298,8,321800,8
541,pp1708,20170412,8137,8045,8176,8176,8004,8004,8090,-41,45,4,161800,8
542,pp1708,20170413,8004,8090,0,0,0,8156,8156,66,66,0,0,8
543,pp1708,20170414,8156,8156,7783,7869,7783,7869,7826,-287,-330,8,313040,8
544,pp1708,20170417,7869,7826,0,0,0,8026,8026,200,200,0,0,8
545,pp1708,20170418,8026,8026,0,0,0,7882,7882,-144,-144,0,0,8
546,pp1708,20170419,7882,7882,7840,7840,7621,7681,7714,-201,-168,6,231420,10
547,pp1708,20170420,7681,7714,0,0,0,7669,7669,-45,-45,0,0,10
548,pp1708,20170421,7669,7669,0,0,0,7669,7669,0,0,0,0,10
549,pp1708,20170424,7669,7669,7512,7512,7512,7512,7512,-157,-157,4,150240,10
550,pp1708,20170425,7512,7512,0,0,0,7506,7506,-6,-6,0,0,10
551,pp1708,20170426,7506,7506,0,0,0,7525,7525,19,19,0,0,10
552,pp1708,20170427,7525,7525,0,0,0,7581,7581,56,56,0,0,10
553,pp1708,20170428,7581,7581,0,0,0,7650,7650,69,69,0,0,10
554,pp1708,20170502,7650,7650,0,0,0,7783,7783,133,133,0,0,10
555,pp1708,20170503,7783,7783,0,0,0,7766,7766,-17,-17,0,0,10
556,pp1708,20170504,7766,7766,0,0,0,7549,7549,-217,-217,0,0,10
557,pp1708,20170505,7549,7549,0,0,0,7549,7549,0,0,0,0,10
558,pp1708,20170508,7549,7549,0,0,0,7647,7647,98,98,0,0,10
559,pp1708,20170509,7647,7647,7643,7643,7416,7416,7529,-231,-118,4,150590,12
560,pp1708,20170510,7416,7529,7247,7361,7247,7318,7308,-211,-221,6,219260,10
561,pp1708,20170511,7318,7308,0,0,0,7360,7360,52,52,0,0,10
562,pp1708,20170512,7360,7360,7566,7566,7566,7566,7566,206,206,2,75660,12
563,pp1708,20170515,7566,7566,7566,7783,7566,7776,7658,210,92,14,536100,12
564,pp1708,20170516,7776,7658,7774,7833,7774,7778,7792,120,134,14,545480,16
565,pp1708,20170517,7778,7792,0,0,0,7792,7792,0,0,0,0,16
566,pp1708,20170518,7792,7792,7868,7900,7741,7811,7874,19,82,24,944900,28
567,pp1708,20170519,7811,7874,8050,8050,8050,8050,8050,176,176,2,80500,30
568,pp1708,20170522,8050,8050,8200,8200,8200,8200,8200,150,150,2,82000,32
569,pp1708,20170523,8200,8200,8086,8166,8086,8166,8102,-34,-98,20,810200,16
570,pp1708,20170524,8166,8102,0,0,0,8102,8102,0,0,0,0,16
571,pp1708,20170525,8102,8102,0,0,0,8102,8102,0,0,0,0,16
572,pp1708,20170526,8102,8102,8200,8200,8200,8200,8200,98,98,2,82000,16
573,pp1708,20170531,8200,8200,0,0,0,7881,7881,-319,-319,0,0,16
574,pp1708,20170601,7881,7881,0,0,0,7604,7604,-277,-277,0,0,16
575,pp1708,20170602,7604,7604,0,0,0,7302,7302,-302,-302,0,0,16
576,pp1708,20170605,7302,7302,7667,7667,7667,7667,7667,365,365,2,76670,14
577,pp1708,20170606,7667,7667,7650,7650,7650,7650,7650,-17,-17,4,153000,10
578,pp1708,20170607,7650,7650,0,0,0,7650,7650,0,0,0,0,10
579,pp1708,20170608,7650,7650,0,0,0,7755,7755,105,105,0,0,10
580,pp1708,20170609,7755,7755,0,0,0,7755,7755,0,0,0,0,10
581,pp1708,20170612,7755,7755,0,0,0,8142,8142,387,387,0,0,10
582,pp1708,20170613,8142,8142,8142,8142,7778,7778,7960,-364,-182,16,636800,10
583,pp1708,20170614,7778,7960,0,0,0,7960,7960,0,0,0,0,10
584,pp1708,20170615,7960,7960,7652,7652,7652,7652,7652,-308,-308,2,76520,10
585,pp1708,20170616,7652,7652,0,0,0,7652,7652,0,0,0,0,10
586,pp1708,20170619,7652,7652,0,0,0,7805,7805,153,153,0,0,10
587,pp1708,20170620,7805,7805,0,0,0,7696,7696,-109,-109,0,0,10
588,pp1708,20170621,7696,7696,0,0,0,7696,7696,0,0,0,0,10
589,pp1708,20170622,7696,7696,0,0,0,7696,7696,0,0,0,0,10
590,pp1708,20170623,7696,7696,0,0,0,7696,7696,0,0,0,0,10
591,pp1708,20170626,7696,7696,0,0,0,7696,7696,0,0,0,0,10
592,pp1708,20170627,7696,7696,0,0,0,7696,7696,0,0,0,0,10
593,pp1708,20170628,7696,7696,0,0,0,7696,7696,0,0,0,0,10
594,pp1708,20170629,7696,7696,0,0,0,7696,7696,0,0,0,0,10
595,pp1708,20170630,7696,7696,0,0,0,7696,7696,0,0,0,0,10
596,pp1708,20170703,7696,7696,7948,7948,7855,7855,7901,159,205,4,158030,8
597,pp1708,20170704,7855,7901,7822,7822,7822,7822,7822,-79,-79,2,78220,8
598,pp1708,20170705,7822,7822,0,0,0,7822,7822,0,0,0,0,8
599,pp1708,20170706,7822,7822,8098,8100,8098,8100,8098,278,276,6,242960,14
600,pp1708,20170707,8100,8098,0,0,0,8098,8098,0,0,0,0,14
601,pp1708,20170710,8098,8098,0,0,0,8098,8098,0,0,0,0,14
602,pp1708,20170711,8098,8098,0,0,0,8098,8098,0,0,0,0,14
603,pp1708,20170712,8098,8098,0,0,0,8098,8098,0,0,0,0,14
604,pp1708,20170713,8098,8098,0,0,0,8098,8098,0,0,0,0,14
605,pp1708,20170714,8098,8098,0,0,0,7864,7864,-234,-234,0,0,14
606,pp1708,20170717,7864,7864,8257,8257,7968,8177,8092,313,228,8,323700,14
607,pp1708,20170718,8177,8092,0,0,0,8092,8092,0,0,0,0,14
608,pp1708,20170719,8092,8092,8250,8250,8048,8150,8097,58,5,170,6882600,104
609,pp1708,20170720,8150,8097,8250,8480,8250,8443,8345,346,248,96,4005660,80
610,pp1708,20170721,8443,8345,8350,8450,8350,8450,8359,105,14,54,2257010,28
611,pp1708,20170724,8450,8359,8599,8640,8599,8640,8603,281,244,20,860330,22
612,pp1708,20170725,8640,8603,8800,8800,8600,8661,8662,58,59,10,433140,14
613,pp1708,20170726,8661,8662,0,0,0,8662,8662,0,0,0,0,14
614,pp1708,20170727,8662,8662,0,0,0,8662,8662,0,0,0,0,14
615,pp1708,20170728,8662,8662,0,0,0,8662,8662,0,0,0,0,14
616,pp1708,20170731,8662,8662,8662,8662,8662,8662,8662,0,0,2,86620,14
617,pp1708,20170801,8662,8662,0,0,0,8600,8600,-62,-62,0,0,14
618,pp1708,20170802,8600,8600,0,0,0,8600,8600,0,0,0,0,14
619,pp1708,20170803,8600,8600,8350,8350,8350,8350,8350,-250,-250,2,83500,14
620,pp1708,20170804,8350,8350,7855,7855,7855,7855,7855,-495,-495,2,78550,12
621,pp1708,20170807,7855,7855,8326,8326,8326,8326,8326,471,471,2,83260,12
622,pp1708,20170808,8326,8326,8600,8600,8600,8600,8600,274,274,2,86000,12
623,pp1708,20170809,8600,8600,0,0,0,8600,8600,0,0,0,0,12
624,pp1708,20170810,8600,8600,0,0,0,8600,8600,0,0,0,0,12
625,pp1708,20170811,8600,8600,8501,8501,8500,8500,8500,-100,-100,6,255020,6
626,pp1708,20170814,8500,8500,0,0,0,8376,8376,-124,-124,0,0,0
627,pp1709,20170103,8710,8815,8760,8760,8470,8480,8593,-335,-222,21552,926084820,65578
628,pp1709,20170104,8480,8593,8390,8599,8390,8434,8465,-159,-128,17440,738233130,66314
629,pp1709,20170105,8434,8465,8500,8545,8420,8458,8481,-7,16,6634,281332290,65904
630,pp1709,20170106,8458,8481,8488,8624,8329,8341,8497,-140,16,15818,672060200,68306
631,pp1709,20170109,8341,8497,8378,8535,8342,8530,8440,33,-57,9500,400938760,67948
632,pp1709,20170110,8530,8440,8513,8529,8342,8485,8454,45,14,14750,623513430,71346
633,pp1709,20170111,8485,8454,8488,8570,8431,8486,8499,32,45,12790,543568810,70762
634,pp1709,20170112,8486,8499,8538,8739,8523,8636,8642,137,143,12368,534430030,69248
635,pp1709,20170113,8636,8642,8767,8767,8588,8760,8674,118,32,10714,464679430,68014
636,pp1709,20170116,8760,8674,8960,9080,8804,9062,8961,388,287,18130,812394900,65456
637,pp1709,20170117,9062,8961,9012,9120,8853,8915,8963,-46,2,12946,580198790,64422
638,pp1709,20170118,8915,8963,8899,9030,8862,8998,8945,35,-18,7834,350408540,65310
639,pp1709,20170119,8998,8945,8950,8950,8742,8861,8813,-84,-132,12964,571265210,64684
640,pp1709,20170120,8861,8813,8850,9050,8824,8945,8928,132,115,10008,446774940,65562
641,pp1709,20170123,8945,8928,8960,9161,8960,9097,9105,169,177,12640,575469300,62774
642,pp1709,20170124,9097,9105,9132,9150,8972,9048,9081,-57,-24,7512,341096150,62568
643,pp1709,20170125,9048,9081,9030,9350,9030,9313,9215,232,134,13158,606293450,62622
644,pp1709,20170126,9313,9215,9316,9353,9163,9240,9245,25,30,6370,294467170,61966
645,pp1709,20170203,9240,9245,9288,9333,9038,9165,9179,-80,-66,8262,379212740,63632
646,pp1709,20170206,9165,9179,9131,9300,9126,9270,9231,91,52,8912,411353350,65364
647,pp1709,20170207,9270,9231,9222,9320,9208,9237,9279,6,48,13236,614098390,67240
648,pp1709,20170208,9237,9279,9200,9370,9181,9258,9286,-21,7,25774,1196740780,71166
649,pp1709,20170209,9258,9286,9301,9385,9260,9281,9332,-5,46,17430,813368740,72536
650,pp1709,20170210,9281,9332,9299,9333,9166,9283,9251,-49,-81,12894,596463840,73664
651,pp1709,20170213,9283,9251,9360,9588,9360,9580,9508,329,257,23526,1118472090,75478
652,pp1709,20170214,9580,9508,9546,9618,9496,9607,9563,99,55,15498,741084740,76722
653,pp1709,20170215,9607,9563,9518,9543,9330,9332,9445,-231,-118,26362,1245029540,75666
654,pp1709,20170216,9332,9445,9328,9353,9088,9108,9258,-337,-187,28780,1332313250,78366
655,pp1709,20170217,9108,9258,9130,9211,8978,9045,9094,-213,-164,19196,872895700,76074
656,pp1709,20170220,9045,9094,9045,9159,9004,9042,9077,-52,-17,18074,820321320,77770
657,pp1709,20170221,9042,9077,9066,9120,8890,8910,8999,-167,-78,20126,905614220,77976
658,pp1709,20170222,8910,8999,8910,8987,8856,8904,8922,-95,-77,14878,663711180,77680
659,pp1709,20170223,8904,8922,8963,8963,8713,8750,8796,-172,-126,26618,1170670840,81242
660,pp1709,20170224,8750,8796,8738,8848,8662,8780,8777,-16,-19,23620,1036648070,80878
661,pp1709,20170227,8780,8777,8850,8977,8802,8848,8884,71,107,19200,852882480,80972
662,pp1709,20170228,8848,8884,8825,8890,8653,8734,8748,-150,-136,24912,1089709610,82564
663,pp1709,20170301,8734,8748,8748,8831,8670,8709,8759,-39,11,17662,773538960,82326
664,pp1709,20170302,8709,8759,8710,8762,8622,8734,8693,-25,-66,18786,816596180,80712
665,pp1709,20170303,8734,8693,8685,8780,8628,8755,8722,62,29,19694,858870940,83578
666,pp1709,20170306,8755,8722,8780,8878,8755,8850,8825,128,103,26012,1147841120,84472
667,pp1709,20170307,8850,8825,8862,8887,8751,8783,8809,-42,-16,17094,752911240,84376
668,pp1709,20170308,8783,8809,8730,8730,8455,8463,8551,-346,-258,40508,1732035800,91628
669,pp1709,20170309,8463,8551,8338,8410,8271,8378,8351,-173,-200,29230,1220630740,89562
670,pp1709,20170310,8378,8351,8385,8419,8210,8255,8296,-96,-55,28868,1197505400,99360
671,pp1709,20170313,8255,8296,8110,8342,8110,8334,8189,38,-107,41914,1716283100,97070
672,pp1709,20170314,8334,8189,8340,8385,8233,8270,8319,81,130,36688,1526165410,103650
673,pp1709,20170315,8270,8319,8362,8460,8329,8376,8404,57,85,36004,1513007020,106424
674,pp1709,20170316,8376,8404,8490,8499,8375,8470,8439,66,35,37010,1561721070,109238
675,pp1709,20170317,8470,8439,8433,8537,8433,8485,8485,46,46,31564,1339244540,108832
676,pp1709,20170320,8485,8485,8480,8513,8323,8450,8396,-35,-89,51322,2154521760,116086
677,pp1709,20170321,8450,8396,8434,8498,8385,8406,8453,10,57,48572,2052908120,115194
678,pp1709,20170322,8406,8453,8334,8344,8200,8210,8252,-243,-201,58662,2420658670,132588
679,pp1709,20170323,8210,8252,8252,8332,8215,8228,8272,-24,20,62240,2574331000,139156
680,pp1709,20170324,8228,8272,8212,8284,8127,8138,8194,-134,-78,85678,3510564980,161844
681,pp1709,20170327,8138,8194,8010,8079,7816,7886,7913,-308,-281,110774,4382775760,190526
682,pp1709,20170328,7886,7913,7988,8028,7908,7963,7976,50,63,103906,4143966860,185384
683,pp1709,20170329,7963,7976,8100,8278,8073,8245,8135,269,159,111630,4540597250,179152
684,pp1709,20170330,8245,8135,8310,8328,8141,8182,8220,47,85,115552,4749324710,187514
685,pp1709,20170331,8182,8220,8262,8294,8067,8109,8202,-111,-18,128078,5253000620,202488
686,pp1709,20170405,8109,8202,8159,8364,8112,8321,8230,119,28,168376,6928907260,222130
687,pp1709,20170406,8321,8230,8290,8373,8262,8360,8310,130,80,118020,4904027010,223898
688,pp1709,20170407,8360,8310,8222,8481,8204,8274,8327,-36,17,294942,12280907960,283512
689,pp1709,20170410,8274,8327,8222,8314,8031,8032,8147,-295,-180,326246,13290007890,329342
690,pp1709,20170411,8032,8147,8053,8094,7977,7996,8033,-151,-114,289386,11623387140,372298
691,pp1709,20170412,7996,8033,8000,8058,7908,7925,7967,-108,-66,326514,13007844860,408616
692,pp1709,20170413,7925,7967,7885,8013,7851,7935,7947,-32,-20,300354,11934970840,401456
693,pp1709,20170414,7935,7947,7955,7997,7715,7739,7803,-208,-144,463558,18086596410,510168
694,pp1709,20170417,7739,7803,7789,7854,7658,7670,7748,-133,-55,347320,13455250360,513174
695,pp1709,20170418,7670,7748,7670,7738,7571,7687,7651,-61,-97,363122,13891277740,540702
696,pp1709,20170419,7687,7651,7660,7732,7532,7668,7648,17,-3,452090,17289974380,529450
697,pp1709,20170420,7668,7648,7619,7773,7511,7729,7617,81,-31,478454,18223914360,553608
698,pp1709,20170421,7729,7617,7747,7806,7640,7642,7730,25,113,389164,15042692200,529630
699,pp1709,20170424,7642,7730,7630,7635,7468,7565,7533,-165,-197,433406,16326325960,576954
700,pp1709,20170425,7565,7533,7537,7634,7521,7553,7567,20,34,305836,11572418840,544330
701,pp1709,20170426,7553,7567,7560,7745,7493,7668,7644,101,77,472108,18045186170,586722
702,pp1709,20170427,7668,7644,7692,7781,7681,7781,7729,137,85,313008,12097350070,541996
703,pp1709,20170428,7781,7729,7805,7891,7785,7849,7836,120,107,391796,15351959010,552974
704,pp1709,20170502,7849,7836,7862,7862,7720,7833,7803,-3,-33,296154,11554788110,516642
705,pp1709,20170503,7833,7803,7828,7850,7751,7794,7804,-9,1,295128,11516651590,549716
706,pp1709,20170504,7794,7804,7611,7675,7500,7592,7598,-212,-206,524168,19915675570,581184
707,pp1709,20170505,7592,7598,7548,7598,7455,7521,7534,-77,-64,361674,13625577730,551552
708,pp1709,20170508,7521,7534,7648,7750,7556,7570,7651,36,117,394432,15090661150,574618
709,pp1709,20170509,7570,7651,7602,7609,7515,7565,7560,-86,-91,230992,8732181030,551822
710,pp1709,20170510,7565,7560,7580,7595,7361,7446,7435,-114,-125,595458,22136507980,644038
711,pp1709,20170511,7446,7435,7460,7566,7404,7520,7486,85,51,431388,16147507180,579854
712,pp1709,20170512,7520,7486,7480,7549,7463,7488,7503,2,17,325342,12205282580,597494
713,pp1709,20170515,7488,7503,7577,7718,7535,7714,7629,211,126,526280,20075026630,620746
714,pp1709,20170516,7714,7629,7713,7796,7671,7793,7722,164,93,404698,15626333390,612030
715,pp1709,20170517,7793,7722,7792,7825,7702,7765,7753,43,31,362910,14069111490,601764
716,pp1709,20170518,7765,7753,7730,7845,7654,7837,7756,84,3,454544,17627343660,633068
717,pp1709,20170519,7837,7756,7930,8109,7895,8095,7995,339,239,609674,24372858070,658964
718,pp1709,20170522,8095,7995,8138,8173,8012,8092,8086,97,91,425032,17185941830,661534
719,pp1709,20170523,8092,8086,8100,8166,8040,8080,8097,-6,11,408572,16542749320,673166
720,pp1709,20170524,8080,8097,8102,8135,7901,8013,8017,-84,-80,518678,20792841570,680632
721,pp1709,20170525,8013,8017,8015,8198,8000,8084,8090,67,73,553958,22409905900,706528
722,pp1709,20170526,8084,8090,7970,8043,7941,8026,8003,-64,-87,450206,18016591270,675740
723,pp1709,20170531,8026,8003,8156,8156,7835,7848,7962,-155,-41,626018,24923640570,698112
724,pp1709,20170601,7848,7962,7860,7960,7842,7903,7907,-59,-55,445960,17632142930,678376
725,pp1709,20170602,7903,7907,7807,7897,7662,7674,7769,-233,-138,660402,25653808070,688416
726,pp1709,20170605,7674,7769,7700,7748,7628,7661,7674,-108,-95,407484,15635891330,613284
727,pp1709,20170606,7661,7674,7703,7719,7600,7676,7661,2,-13,425562,16303252680,645828
728,pp1709,20170607,7676,7661,7650,7755,7650,7695,7696,34,35,381774,14691938350,624456
729,pp1709,20170608,7695,7696,7625,7790,7580,7730,7675,34,-21,498872,19146174570,665548
730,pp1709,20170609,7730,7675,7749,7800,7690,7720,7740,45,65,324382,12554508330,604198
731,pp1709,20170612,7720,7740,7760,7948,7756,7927,7889,187,149,496242,19576027730,675648
732,pp1709,20170613,7927,7889,7920,7927,7679,7688,7817,-201,-72,520230,20333642560,609056
733,pp1709,20170614,7688,7817,7702,7765,7641,7720,7708,-97,-109,434970,16764740690,636462
734,pp1709,20170615,7720,7708,7672,7714,7590,7630,7654,-78,-54,442556,16936916720,601108
735,pp1709,20170616,7630,7654,7640,7738,7640,7683,7690,29,36,322320,12394007290,598826
736,pp1709,20170619,7683,7690,7670,7831,7670,7708,7751,18,61,539452,20907464710,662092
737,pp1709,20170620,7708,7751,7700,7734,7599,7662,7652,-89,-99,487780,18663724580,640814
738,pp1709,20170621,7662,7652,7601,7698,7569,7636,7629,-16,-23,412374,15730616280,635464
739,pp1709,20170622,7636,7629,7650,7675,7534,7547,7593,-82,-36,426576,16196796680,633946
740,pp1709,20170623,7547,7593,7580,7630,7562,7625,7593,32,0,313158,11890506250,589076
741,pp1709,20170626,7625,7593,7642,7777,7630,7725,7721,132,128,459842,17754218790,632600
742,pp1709,20170627,7725,7721,7732,7790,7685,7777,7742,56,21,350088,13553483780,582220
743,pp1709,20170628,7777,7742,7838,7874,7673,7714,7750,-28,8,407954,15808789650,613764
744,pp1709,20170629,7714,7750,7777,7931,7753,7873,7847,123,97,583836,22909323140,645586
745,pp1709,20170630,7873,7847,7884,7936,7802,7903,7873,56,26,352562,13878856050,623596
746,pp1709,20170703,7903,7873,7970,8020,7908,7979,7971,106,98,387056,15426962480,674814
747,pp1709,20170704,7979,7971,7963,7963,7778,7798,7845,-173,-126,407584,15989253430,626332
748,pp1709,20170705,7798,7845,7850,7924,7801,7849,7868,4,23,351266,13819934770,644240
749,pp1709,20170706,7849,7868,7826,8058,7808,8014,7925,146,57,504638,19997409940,726450
750,pp1709,20170707,8014,7925,7990,8110,7965,8097,8038,172,113,435806,17516676020,743834
751,pp1709,20170710,8097,8038,8100,8132,7956,7985,8038,-53,0,432422,17380451800,705540
752,pp1709,20170711,7985,8038,8077,8153,7991,8067,8073,29,35,489538,19760658640,739888
753,pp1709,20170712,8067,8073,8115,8188,8030,8058,8108,-15,35,460578,18673286950,719062
754,pp1709,20170713,8058,8108,8055,8101,7951,8020,8020,-88,-88,467188,18735223120,714854
755,pp1709,20170714,8020,8020,8050,8108,8002,8064,8059,44,39,336680,13567505180,670922
756,pp1709,20170717,8064,8059,8145,8255,8092,8120,8180,61,121,576808,23593247950,766602
757,pp1709,20170718,8120,8180,8131,8259,8131,8193,8196,13,16,367982,15080884180,678402
758,pp1709,20170719,8193,8196,8230,8288,8204,8250,8249,54,53,331406,13668941840,718600
759,pp1709,20170720,8250,8249,8275,8643,8275,8495,8463,246,214,801040,33898584420,705396
760,pp1709,20170721,8495,8463,8380,8518,8363,8499,8426,36,-37,464146,19556409070,607630
761,pp1709,20170724,8499,8426,8400,8538,8400,8469,8485,43,59,398732,16917801490,631720
762,pp1709,20170725,8469,8485,8500,8559,8450,8500,8501,15,16,341862,14532516380,580700
763,pp1709,20170726,8500,8501,8590,8620,8360,8398,8480,-103,-21,474826,20133208460,585716
764,pp1709,20170727,8398,8480,8440,8440,8309,8349,8362,-131,-118,319166,13344775410,532550
765,pp1709,20170728,8349,8362,8349,8372,8167,8178,8257,-184,-105,426230,17598836160,527236
766,pp1709,20170731,8178,8257,8205,8264,8105,8225,8193,-32,-64,435940,17859006090,456418
767,pp1709,20170801,8225,8193,8238,8422,8200,8339,8337,146,144,467672,19497099570,457938
768,pp1709,20170802,8339,8337,8339,8429,8300,8368,8368,31,31,344740,14425478130,405698
769,pp1709,20170803,8368,8368,8380,8430,8238,8251,8311,-117,-57,368024,15293480870,391832
770,pp1709,20170804,8251,8311,8301,8496,8277,8400,8404,89,93,372210,15641469930,362352
771,pp1709,20170807,8400,8404,8488,8544,8270,8302,8354,-102,-50,375414,15681150440,329828
772,pp1709,20170808,8302,8354,8321,8510,8315,8486,8420,132,66,316518,13326311580,292396
773,pp1709,20170809,8486,8420,8475,8598,8457,8540,8532,120,112,209514,8938111400,243696
774,pp1709,20170810,8540,8532,8520,8635,8495,8580,8557,48,25,123472,5283275220,207244
775,pp1709,20170811,8580,8557,8561,8589,8406,8489,8497,-68,-60,133110,5655506610,156144
776,pp1709,20170814,8489,8497,8455,8522,8428,8455,8476,-42,-21,54004,2288779080,140202
777,pp1709,20170815,8455,8476,8415,8419,8310,8370,8361,-106,-115,81176,3393710030,117806
778,pp1709,20170816,8370,8361,8350,8394,8281,8358,8357,-3,-4,46414,1939447090,98764
779,pp1709,20170817,8358,8357,8450,8600,8450,8585,8545,228,188,53338,2278974370,89566
780,pp1709,20170818,8585,8545,8570,8630,8541,8627,8594,82,49,33196,1426527780,78406
781,pp1709,20170821,8627,8594,8631,8774,8631,8755,8729,161,135,41322,1803514350,64952
782,pp1709,20170822,8755,8729,8727,8930,8656,8913,8767,184,38,35500,1556167760,54780
783,pp1709,20170823,8913,8767,8864,8914,8820,8869,8866,102,99,18618,825394840,51196
784,pp1709,20170824,8869,8866,8893,8988,8860,8870,8908,4,42,18618,829254460,45602
785,pp1709,20170825,8870,8908,8900,9007,8889,8937,8962,29,54,12010,538192340,40380
786,pp1709,20170828,8937,8962,8860,8900,8750,8887,8847,-75,-115,13134,581004260,34818
787,pp1709,20170829,8887,8847,8771,9039,8771,9033,8968,186,121,11604,520364580,30978
788,pp1709,20170830,9033,8968,9009,9066,8981,9017,9022,49,54,8412,379493070,25760
789,pp1709,20170831,9017,9022,8986,9133,8960,9083,9056,61,34,7366,333549140,22128
790,pp1709,20170901,9083,9056,9123,9303,9123,9285,9201,229,145,3278,150809450,20710
791,pp1709,20170904,9285,9201,9201,9668,9201,9360,9445,159,244,4390,207336900,17970
792,pp1709,20170905,9360,9445,9360,9380,9261,9329,9346,-116,-99,1130,52805650,17792
793,pp1709,20170906,9329,9346,9250,9286,9199,9199,9250,-147,-96,744,34412470,17272
794,pp1709,20170907,9199,9250,9185,9185,9002,9052,9119,-198,-131,1500,68398060,17072
795,pp1709,20170908,9052,9119,9050,9099,8988,9007,9040,-112,-79,818,36976010,17160
796,pp1709,20170911,9007,9040,8900,8935,8850,8925,8920,-115,-120,278,12399610,17136
797,pp1709,20170912,8925,8920,8950,9110,8950,9110,9042,190,122,1040,47019350,17056
798,pp1709,20170913,9110,9042,9117,9145,8801,8801,9031,-241,-11,1808,81641590,15756
799,pp1709,20170914,8801,9031,9031,9031,8650,8650,9195,-381,164,1426,62785820,0
800,pp1710,20170103,9034,9034,0,0,0,9034,9034,0,0,0,0,54
801,pp1710,20170104,9034,9034,0,0,0,8900,8900,-134,-134,0,0,54
802,pp1710,20170105,8900,8900,0,0,0,8916,8916,16,16,0,0,54
803,pp1710,20170106,8916,8916,0,0,0,8932,8932,16,16,0,0,54
804,pp1710,20170109,8932,8932,0,0,0,8873,8873,-59,-59,0,0,54
805,pp1710,20170110,8873,8873,0,0,0,8873,8873,0,0,0,0,54
806,pp1710,20170111,8873,8873,0,0,0,8920,8920,47,47,0,0,54
807,pp1710,20170112,8920,8920,0,0,0,8920,8920,0,0,0,0,54
808,pp1710,20170113,8920,8920,0,0,0,8920,8920,0,0,0,0,54
809,pp1710,20170116,8920,8920,0,0,0,8920,8920,0,0,0,0,54
810,pp1710,20170117,8920,8920,0,0,0,8920,8920,0,0,0,0,54
811,pp1710,20170118,8920,8920,0,0,0,8903,8903,-17,-17,0,0,54
812,pp1710,20170119,8903,8903,0,0,0,8903,8903,0,0,0,0,54
813,pp1710,20170120,8903,8903,0,0,0,9019,9019,116,116,0,0,54
814,pp1710,20170123,9019,9019,0,0,0,9019,9019,0,0,0,0,54
815,pp1710,20170124,9019,9019,0,0,0,9019,9019,0,0,0,0,54
816,pp1710,20170125,9019,9019,0,0,0,9019,9019,0,0,0,0,54
817,pp1710,20170126,9019,9019,0,0,0,9048,9048,29,29,0,0,54
818,pp1710,20170203,9048,9048,0,0,0,8984,8984,-64,-64,0,0,54
819,pp1710,20170206,8984,8984,0,0,0,8984,8984,0,0,0,0,54
820,pp1710,20170207,8984,8984,0,0,0,9030,9030,46,46,0,0,54
821,pp1710,20170208,9030,9030,9256,9256,9255,9255,9255,225,225,4,185110,54
822,pp1710,20170209,9255,9255,0,0,0,9255,9255,0,0,0,0,54
823,pp1710,20170210,9255,9255,9255,9255,9255,9255,9255,0,0,2,92550,52
824,pp1710,20170213,9255,9255,0,0,0,9512,9512,257,257,0,0,52
825,pp1710,20170214,9512,9512,0,0,0,9512,9512,0,0,0,0,52
826,pp1710,20170215,9512,9512,0,0,0,9512,9512,0,0,0,0,52
827,pp1710,20170216,9512,9512,9307,9307,9307,9307,9307,-205,-205,4,186140,52
828,pp1710,20170217,9307,9307,0,0,0,9143,9143,-164,-164,0,0,52
829,pp1710,20170220,9143,9143,0,0,0,9143,9143,0,0,0,0,52
830,pp1710,20170221,9143,9143,8838,8838,8838,8838,8838,-305,-305,20,883800,34
831,pp1710,20170222,8838,8838,0,0,0,8838,8838,0,0,0,0,34
832,pp1710,20170223,8838,8838,0,0,0,8838,8838,0,0,0,0,34
833,pp1710,20170224,8838,8838,8852,8852,8852,8852,8852,14,14,2,88520,36
834,pp1710,20170227,8852,8852,8880,8880,8880,8880,8880,28,28,2,88800,34
835,pp1710,20170228,8880,8880,0,0,0,8880,8880,0,0,0,0,34
836,pp1710,20170301,8880,8880,0,0,0,8880,8880,0,0,0,0,34
837,pp1710,20170302,8880,8880,0,0,0,8880,8880,0,0,0,0,34
838,pp1710,20170303,8880,8880,0,0,0,8880,8880,0,0,0,0,34
839,pp1710,20170306,8880,8880,0,0,0,8880,8880,0,0,0,0,34
840,pp1710,20170307,8880,8880,0,0,0,8880,8880,0,0,0,0,34
841,pp1710,20170308,8880,8880,0,0,0,8620,8620,-260,-260,0,0,34
842,pp1710,20170309,8620,8620,8396,8396,8262,8262,8342,-358,-278,10,417120,32
843,pp1710,20170310,8262,8342,0,0,0,8342,8342,0,0,0,0,32
844,pp1710,20170313,8342,8342,0,0,0,8342,8342,0,0,0,0,32
845,pp1710,20170314,8342,8342,0,0,0,8342,8342,0,0,0,0,32
846,pp1710,20170315,8342,8342,0,0,0,8342,8342,0,0,0,0,32
847,pp1710,20170316,8342,8342,0,0,0,8376,8376,34,34,0,0,32
848,pp1710,20170317,8376,8376,0,0,0,8376,8376,0,0,0,0,32
849,pp1710,20170320,8376,8376,0,0,0,8376,8376,0,0,0,0,32
850,pp1710,20170321,8376,8376,0,0,0,8376,8376,0,0,0,0,32
851,pp1710,20170322,8376,8376,0,0,0,8376,8376,0,0,0,0,32
852,pp1710,20170323,8376,8376,0,0,0,8376,8376,0,0,0,0,32
853,pp1710,20170324,8376,8376,0,0,0,8376,8376,0,0,0,0,32
854,pp1710,20170327,8376,8376,7958,8029,7958,7959,7972,-417,-404,10,398620,32
855,pp1710,20170328,7959,7972,0,0,0,7972,7972,0,0,0,0,32
856,pp1710,20170329,7972,7972,0,0,0,8130,8130,158,158,0,0,32
857,pp1710,20170330,8130,8130,0,0,0,8130,8130,0,0,0,0,32
858,pp1710,20170331,8130,8130,0,0,0,8130,8130,0,0,0,0,32
859,pp1710,20170405,8130,8130,0,0,0,8157,8157,27,27,0,0,32
860,pp1710,20170406,8157,8157,8226,8226,8226,8226,8226,69,69,2,82260,30
861,pp1710,20170407,8226,8226,0,0,0,8242,8242,16,16,0,0,30
862,pp1710,20170410,8242,8242,7984,7984,7949,7949,7972,-293,-270,6,239170,36
863,pp1710,20170411,7949,7972,8120,8261,8041,8041,8160,69,188,8,326430,32
864,pp1710,20170412,8041,8160,0,0,0,8160,8160,0,0,0,0,32
865,pp1710,20170413,8160,8160,0,0,0,8160,8160,0,0,0,0,32
866,pp1710,20170414,8160,8160,0,0,0,8013,8013,-147,-147,0,0,32
867,pp1710,20170417,8013,8013,0,0,0,7957,7957,-56,-56,0,0,32
868,pp1710,20170418,7957,7957,0,0,0,7957,7957,0,0,0,0,32
869,pp1710,20170419,7957,7957,7560,7772,7560,7628,7581,-329,-376,26,985600,12
870,pp1710,20170420,7628,7581,7515,7544,7480,7480,7529,-101,-52,342,12874950,14
871,pp1710,20170421,7480,7529,0,0,0,7640,7640,111,111,0,0,14
872,pp1710,20170424,7640,7640,7438,7438,7438,7438,7438,-202,-202,4,148760,14
873,pp1710,20170425,7438,7438,0,0,0,7471,7471,33,33,0,0,14
874,pp1710,20170426,7471,7471,7657,7657,7441,7441,7549,-30,78,4,150980,14
875,pp1710,20170427,7441,7549,0,0,0,7632,7632,83,83,0,0,14
876,pp1710,20170428,7632,7632,0,0,0,7737,7737,105,105,0,0,14
877,pp1710,20170502,7737,7737,0,0,0,7737,7737,0,0,0,0,14
878,pp1710,20170503,7737,7737,0,0,0,7737,7737,0,0,0,0,14
879,pp1710,20170504,7737,7737,7473,7602,7473,7602,7525,-135,-212,8,301020,14
880,pp1710,20170505,7602,7525,7412,7412,7412,7412,7412,-113,-113,2,74120,12
881,pp1710,20170508,7412,7412,7487,7741,7487,7709,7645,297,233,18,688110,12
882,pp1710,20170509,7709,7645,0,0,0,7645,7645,0,0,0,0,12
883,pp1710,20170510,7645,7645,0,0,0,7645,7645,0,0,0,0,12
884,pp1710,20170511,7645,7645,7445,7450,7445,7450,7447,-195,-198,12,446820,14
885,pp1710,20170512,7450,7447,7470,7470,7470,7470,7470,23,23,2,74700,14
886,pp1710,20170515,7470,7470,7500,7819,7500,7819,7704,349,234,18,693420,22
887,pp1710,20170516,7819,7704,7704,7704,7704,7704,7704,0,0,2,77040,20
888,pp1710,20170517,7704,7704,0,0,0,7704,7704,0,0,0,0,20
889,pp1710,20170518,7704,7704,7842,7958,7752,7958,7827,254,123,8,313080,20
890,pp1710,20170519,7958,7827,8186,8186,8036,8036,8111,209,284,4,162220,20
891,pp1710,20170522,8036,8111,0,0,0,8111,8111,0,0,0,0,20
892,pp1710,20170523,8111,8111,0,0,0,8122,8122,11,11,0,0,20
893,pp1710,20170524,8122,8122,8200,8200,8096,8096,8148,-26,26,4,162960,20
894,pp1710,20170525,8096,8148,8229,8229,8227,8227,8228,79,80,4,164560,24
895,pp1710,20170526,8227,8228,0,0,0,8228,8228,0,0,0,0,24
896,pp1710,20170531,8228,8228,7978,8076,7978,8076,8027,-152,-201,4,160540,26
897,pp1710,20170601,8076,8027,0,0,0,8027,8027,0,0,0,0,26
898,pp1710,20170602,8027,8027,0,0,0,8027,8027,0,0,0,0,26
899,pp1710,20170605,8027,8027,7646,7673,7646,7667,7665,-360,-362,50,1916340,26
900,pp1710,20170606,7667,7665,7818,7818,7818,7818,7818,153,153,10,390900,26
901,pp1710,20170607,7818,7818,0,0,0,7818,7818,0,0,0,0,26
902,pp1710,20170608,7818,7818,0,0,0,7818,7818,0,0,0,0,26
903,pp1710,20170609,7818,7818,0,0,0,7818,7818,0,0,0,0,26
904,pp1710,20170612,7818,7818,8049,8050,8049,8050,8049,232,231,6,241490,28
905,pp1710,20170613,8050,8049,7965,7965,7807,7807,7893,-242,-156,20,789320,22
906,pp1710,20170614,7807,7893,7696,7851,7696,7851,7799,-42,-94,6,233980,24
907,pp1710,20170615,7851,7799,7695,7695,7675,7675,7685,-124,-114,4,153700,20
908,pp1710,20170616,7675,7685,0,0,0,7685,7685,0,0,0,0,20
909,pp1710,20170619,7685,7685,0,0,0,7685,7685,0,0,0,0,20
910,pp1710,20170620,7685,7685,7622,7622,7622,7622,7622,-63,-63,2,76220,20
911,pp1710,20170621,7622,7622,7589,7589,7589,7589,7589,-33,-33,2,75890,18
912,pp1710,20170622,7589,7589,0,0,0,7589,7589,0,0,0,0,18
913,pp1710,20170623,7589,7589,0,0,0,7589,7589,0,0,0,0,18
914,pp1710,20170626,7589,7589,0,0,0,7589,7589,0,0,0,0,18
915,pp1710,20170627,7589,7589,7908,7908,7726,7726,7817,137,228,12,469020,20
916,pp1710,20170628,7726,7817,0,0,0,7817,7817,0,0,0,0,20
917,pp1710,20170629,7817,7817,7894,7894,7894,7894,7894,77,77,2,78940,18
918,pp1710,20170630,7894,7894,8020,8020,7836,7836,7928,-58,34,4,158560,18
919,pp1710,20170703,7836,7928,0,0,0,7928,7928,0,0,0,0,18
920,pp1710,20170704,7928,7928,7996,7996,7691,7876,7915,-52,-13,414,16385070,18
921,pp1710,20170705,7876,7915,0,0,0,7915,7915,0,0,0,0,18
922,pp1710,20170706,7915,7915,0,0,0,7915,7915,0,0,0,0,18
923,pp1710,20170707,7915,7915,7976,8136,7896,8136,7978,221,63,12,478700,14
924,pp1710,20170710,8136,7978,0,0,0,7978,7978,0,0,0,0,14
925,pp1710,20170711,7978,7978,7978,8100,7978,8100,8039,122,61,4,160780,14
926,pp1710,20170712,8100,8039,0,0,0,8039,8039,0,0,0,0,14
927,pp1710,20170713,8039,8039,8165,8165,8009,8009,8087,-30,48,8,323480,18
928,pp1710,20170714,8009,8087,8105,8105,8105,8105,8105,18,18,4,162100,16
929,pp1710,20170717,8105,8105,8051,8051,8051,8051,8051,-54,-54,4,161020,12
930,pp1710,20170718,8051,8051,8189,8189,8117,8117,8153,66,102,4,163060,12
931,pp1710,20170719,8117,8153,0,0,0,8153,8153,0,0,0,0,12
932,pp1710,20170720,8153,8153,8333,8350,8333,8350,8341,197,188,4,166830,12
933,pp1710,20170721,8350,8341,0,0,0,8305,8305,-36,-36,0,0,12
934,pp1710,20170724,8305,8305,0,0,0,8363,8363,58,58,0,0,12
935,pp1710,20170725,8363,8363,0,0,0,8363,8363,0,0,0,0,12
936,pp1710,20170726,8363,8363,8640,8640,8462,8462,8551,99,188,4,171020,12
937,pp1710,20170727,8462,8551,0,0,0,8551,8551,0,0,0,0,12
938,pp1710,20170728,8551,8551,0,0,0,8551,8551,0,0,0,0,12
939,pp1710,20170731,8551,8551,8200,8304,8200,8304,8252,-247,-299,4,165040,16
940,pp1710,20170801,8304,8252,8304,8304,8304,8304,8304,52,52,2,83040,14
941,pp1710,20170802,8304,8304,8312,8312,8312,8312,8312,8,8,2,83120,12
942,pp1710,20170803,8312,8312,8376,8376,8376,8376,8376,64,64,2,83760,12
943,pp1710,20170804,8376,8376,8440,8440,8440,8440,8440,64,64,2,84400,12
944,pp1710,20170807,8440,8440,0,0,0,8440,8440,0,0,0,0,12
945,pp1710,20170808,8440,8440,0,0,0,8506,8506,66,66,0,0,12
946,pp1710,20170809,8506,8506,8506,8506,8506,8506,8506,0,0,4,170120,8
947,pp1710,20170810,8506,8506,0,0,0,8530,8530,24,24,0,0,8
948,pp1710,20170811,8530,8530,8450,8685,8450,8685,8541,155,11,6,256230,8
949,pp1710,20170814,8685,8541,0,0,0,8541,8541,0,0,0,0,8
950,pp1710,20170815,8541,8541,0,0,0,8500,8500,-41,-41,0,0,8
951,pp1710,20170816,8500,8500,0,0,0,8500,8500,0,0,0,0,8
952,pp1710,20170817,8500,8500,0,0,0,8691,8691,191,191,0,0,8
953,pp1710,20170818,8691,8691,0,0,0,8691,8691,0,0,0,0,8
954,pp1710,20170821,8691,8691,0,0,0,8827,8827,136,136,0,0,8
955,pp1710,20170822,8827,8827,0,0,0,8865,8865,38,38,0,0,8
956,pp1710,20170823,8865,8865,0,0,0,8965,8965,100,100,0,0,8
957,pp1710,20170824,8965,8965,9182,9182,9182,9182,9182,217,217,2,91820,10
958,pp1710,20170825,9182,9182,9347,9347,9347,9347,9347,165,165,6,280410,16
959,pp1710,20170828,9347,9347,0,0,0,9347,9347,0,0,0,0,16
960,pp1710,20170829,9347,9347,9086,9086,9086,9086,9086,-261,-261,8,363440,8
961,pp1710,20170830,9086,9086,0,0,0,9086,9086,0,0,0,0,8
962,pp1710,20170831,9086,9086,0,0,0,9120,9120,34,34,0,0,8
963,pp1710,20170901,9120,9120,0,0,0,9266,9266,146,146,0,0,8
964,pp1710,20170904,9266,9266,0,0,0,9511,9511,245,245,0,0,8
965,pp1710,20170905,9511,9511,9511,9511,9511,9511,9511,0,0,2,95110,6
966,pp1710,20170906,9511,9511,0,0,0,9511,9511,0,0,0,0,6
967,pp1710,20170907,9511,9511,0,0,0,9511,9511,0,0,0,0,6
968,pp1710,20170908,9511,9511,0,0,0,9511,9511,0,0,0,0,6
969,pp1710,20170911,9511,9511,9036,9036,9036,9036,9036,-475,-475,2,90360,6
970,pp1710,20170912,9036,9036,0,0,0,9159,9159,123,123,0,0,6
971,pp1710,20170913,9159,9159,0,0,0,9148,9148,-11,-11,0,0,6
972,pp1710,20170914,9148,9148,0,0,0,9148,9148,0,0,0,0,6
973,pp1710,20170915,9148,9148,8857,8857,8857,8857,8857,-291,-291,2,88570,6
974,pp1710,20170918,8857,8857,0,0,0,8857,8857,0,0,0,0,6
975,pp1710,20170919,8857,8857,0,0,0,8857,8857,0,0,0,0,6
976,pp1710,20170920,8857,8857,0,0,0,8857,8857,0,0,0,0,6
977,pp1710,20170921,8857,8857,0,0,0,8857,8857,0,0,0,0,6
978,pp1710,20170922,8857,8857,8727,8727,8418,8418,8572,-439,-285,12,514350,6
979,pp1710,20170925,8418,8572,8703,8703,8559,8600,8615,28,43,8,344620,2
980,pp1710,20170926,8600,8615,8800,8800,8700,8700,8750,85,135,80,3500000,2
981,pp1710,20170927,8700,8750,0,0,0,8750,8750,0,0,0,0,2
982,pp1710,20170928,8750,8750,8750,8750,8750,8750,8750,0,0,2,87500,2
983,pp1710,20170929,8750,8750,0,0,0,8750,8750,0,0,0,0,2
984,pp1710,20171009,8750,8750,0,0,0,8750,8750,0,0,0,0,2
985,pp1710,20171010,8750,8750,0,0,0,8750,8750,0,0,0,0,2
986,pp1710,20171011,8750,8750,0,0,0,8750,8750,0,0,0,0,2
987,pp1710,20171012,8750,8750,0,0,0,8750,8750,0,0,0,0,2
988,pp1710,20171013,8750,8750,0,0,0,8750,8750,0,0,0,0,2
989,pp1710,20171016,8750,8750,0,0,0,8750,8750,0,0,0,0,2
990,pp1710,20171017,8750,8750,0,0,0,8750,8750,0,0,0,0,2
991,pp1710,20171018,8750,8750,0,0,0,8750,8750,0,0,0,0,2
992,pp1710,20171019,8750,8750,0,0,0,8750,8750,0,0,0,0,2
993,pp1710,20171020,8750,8750,0,0,0,8750,8750,0,0,0,0,0
994,pp1711,20170103,8815,8815,0,0,0,8594,8594,-221,-221,0,0,4
995,pp1711,20170104,8594,8594,0,0,0,8466,8466,-128,-128,0,0,4
996,pp1711,20170105,8466,8466,0,0,0,8466,8466,0,0,0,0,4
997,pp1711,20170106,8466,8466,0,0,0,8466,8466,0,0,0,0,4
998,pp1711,20170109,8466,8466,0,0,0,8466,8466,0,0,0,0,4
999,pp1711,20170110,8466,8466,0,0,0,8466,8466,0,0,0,0,4
1000,pp1711,20170111,8466,8466,0,0,0,8466,8466,0,0,0,0,4
1001,pp1711,20170112,8466,8466,0,0,0,8608,8608,142,142,0,0,4
1002,pp1711,20170113,8608,8608,0,0,0,8639,8639,31,31,0,0,4
1003,pp1711,20170116,8639,8639,0,0,0,8924,8924,285,285,0,0,4
1004,pp1711,20170117,8924,8924,0,0,0,8925,8925,1,1,0,0,4
1005,pp1711,20170118,8925,8925,0,0,0,8908,8908,-17,-17,0,0,4
1006,pp1711,20170119,8908,8908,0,0,0,8777,8777,-131,-131,0,0,4
1007,pp1711,20170120,8777,8777,0,0,0,8891,8891,114,114,0,0,4
1008,pp1711,20170123,8891,8891,0,0,0,9067,9067,176,176,0,0,4
1009,pp1711,20170124,9067,9067,0,0,0,9044,9044,-23,-23,0,0,4
1010,pp1711,20170125,9044,9044,0,0,0,9177,9177,133,133,0,0,4
1011,pp1711,20170126,9177,9177,0,0,0,9206,9206,29,29,0,0,4
1012,pp1711,20170203,9206,9206,0,0,0,9141,9141,-65,-65,0,0,4
1013,pp1711,20170206,9141,9141,0,0,0,9141,9141,0,0,0,0,4
1014,pp1711,20170207,9141,9141,0,0,0,9141,9141,0,0,0,0,4
1015,pp1711,20170208,9141,9141,0,0,0,9141,9141,0,0,0,0,4
1016,pp1711,20170209,9141,9141,0,0,0,9141,9141,0,0,0,0,4
1017,pp1711,20170210,9141,9141,0,0,0,9141,9141,0,0,0,0,4
1018,pp1711,20170213,9141,9141,0,0,0,9394,9394,253,253,0,0,4
1019,pp1711,20170214,9394,9394,0,0,0,9448,9448,54,54,0,0,4
1020,pp1711,20170215,9448,9448,9403,9403,9403,9403,9403,-45,-45,2,94030,4
1021,pp1711,20170216,9403,9403,0,0,0,9201,9201,-202,-202,0,0,4
1022,pp1711,20170217,9201,9201,0,0,0,9039,9039,-162,-162,0,0,4
1023,pp1711,20170220,9039,9039,0,0,0,9039,9039,0,0,0,0,4
1024,pp1711,20170221,9039,9039,0,0,0,8738,8738,-301,-301,0,0,4
1025,pp1711,20170222,8738,8738,0,0,0,8738,8738,0,0,0,0,4
1026,pp1711,20170223,8738,8738,0,0,0,8615,8615,-123,-123,0,0,4
1027,pp1711,20170224,8615,8615,0,0,0,8615,8615,0,0,0,0,4
1028,pp1711,20170227,8615,8615,0,0,0,8615,8615,0,0,0,0,4
1029,pp1711,20170228,8615,8615,0,0,0,8615,8615,0,0,0,0,4
1030,pp1711,20170301,8615,8615,0,0,0,8615,8615,0,0,0,0,4
1031,pp1711,20170302,8615,8615,0,0,0,8615,8615,0,0,0,0,4
1032,pp1711,20170303,8615,8615,0,0,0,8643,8643,28,28,0,0,4
1033,pp1711,20170306,8643,8643,0,0,0,8745,8745,102,102,0,0,4
1034,pp1711,20170307,8745,8745,0,0,0,8745,8745,0,0,0,0,4
1035,pp1711,20170308,8745,8745,0,0,0,8489,8489,-256,-256,0,0,4
1036,pp1711,20170309,8489,8489,0,0,0,8216,8216,-273,-273,0,0,4
1037,pp1711,20170310,8216,8216,0,0,0,8216,8216,0,0,0,0,4
1038,pp1711,20170313,8216,8216,0,0,0,8216,8216,0,0,0,0,4
1039,pp1711,20170314,8216,8216,0,0,0,8216,8216,0,0,0,0,4
1040,pp1711,20170315,8216,8216,0,0,0,8299,8299,83,83,0,0,4
1041,pp1711,20170316,8299,8299,0,0,0,8333,8333,34,34,0,0,4
1042,pp1711,20170317,8333,8333,0,0,0,8378,8378,45,45,0,0,4
1043,pp1711,20170320,8378,8378,0,0,0,8291,8291,-87,-87,0,0,4
1044,pp1711,20170321,8291,8291,0,0,0,8347,8347,56,56,0,0,4
1045,pp1711,20170322,8347,8347,0,0,0,8149,8149,-198,-198,0,0,4
1046,pp1711,20170323,8149,8149,0,0,0,8168,8168,19,19,0,0,4
1047,pp1711,20170324,8168,8168,0,0,0,8168,8168,0,0,0,0,4
1048,pp1711,20170327,8168,8168,0,0,0,7775,7775,-393,-393,0,0,4
1049,pp1711,20170328,7775,7775,0,0,0,7836,7836,61,61,0,0,4
1050,pp1711,20170329,7836,7836,0,0,0,7992,7992,156,156,0,0,4
1051,pp1711,20170330,7992,7992,8238,8238,8238,8238,8238,246,246,2,82380,4
1052,pp1711,20170331,8238,8238,0,0,0,8220,8220,-18,-18,0,0,4
1053,pp1711,20170405,8220,8220,0,0,0,8248,8248,28,28,0,0,4
1054,pp1711,20170406,8248,8248,0,0,0,8317,8317,69,69,0,0,4
1055,pp1711,20170407,8317,8317,0,0,0,8334,8334,17,17,0,0,4
1056,pp1711,20170410,8334,8334,0,0,0,8061,8061,-273,-273,0,0,4
1057,pp1711,20170411,8061,8061,0,0,0,8251,8251,190,190,0,0,4
1058,pp1711,20170412,8251,8251,0,0,0,8184,8184,-67,-67,0,0,4
1059,pp1711,20170413,8184,8184,0,0,0,8164,8164,-20,-20,0,0,4
1060,pp1711,20170414,8164,8164,0,0,0,8017,8017,-147,-147,0,0,4
1061,pp1711,20170417,8017,8017,0,0,0,7961,7961,-56,-56,0,0,4
1062,pp1711,20170418,7961,7961,0,0,0,7862,7862,-99,-99,0,0,4
1063,pp1711,20170419,7862,7862,0,0,0,7491,7491,-371,-371,0,0,4
1064,pp1711,20170420,7491,7491,0,0,0,7491,7491,0,0,0,0,4
1065,pp1711,20170421,7491,7491,0,0,0,7602,7602,111,111,0,0,4
1066,pp1711,20170424,7602,7602,7486,7486,7486,7486,7486,-116,-116,4,149720,4
1067,pp1711,20170425,7486,7486,0,0,0,7486,7486,0,0,0,0,4
1068,pp1711,20170426,7486,7486,0,0,0,7564,7564,78,78,0,0,4
1069,pp1711,20170427,7564,7564,0,0,0,7648,7648,84,84,0,0,4
1070,pp1711,20170428,7648,7648,0,0,0,7753,7753,105,105,0,0,4
1071,pp1711,20170502,7753,7753,0,0,0,7721,7721,-32,-32,0,0,4
1072,pp1711,20170503,7721,7721,0,0,0,7721,7721,0,0,0,0,4
1073,pp1711,20170504,7721,7721,0,0,0,7510,7510,-211,-211,0,0,4
1074,pp1711,20170505,7510,7510,0,0,0,7510,7510,0,0,0,0,4
1075,pp1711,20170508,7510,7510,0,0,0,7746,7746,236,236,0,0,4
1076,pp1711,20170509,7746,7746,0,0,0,7654,7654,-92,-92,0,0,4
1077,pp1711,20170510,7654,7654,0,0,0,7528,7528,-126,-126,0,0,4
1078,pp1711,20170511,7528,7528,0,0,0,7528,7528,0,0,0,0,4
1079,pp1711,20170512,7528,7528,0,0,0,7551,7551,23,23,0,0,4
1080,pp1711,20170515,7551,7551,0,0,0,7787,7787,236,236,0,0,4
1081,pp1711,20170516,7787,7787,0,0,0,7787,7787,0,0,0,0,4
1082,pp1711,20170517,7787,7787,0,0,0,7818,7818,31,31,0,0,4
1083,pp1711,20170518,7818,7818,0,0,0,7818,7818,0,0,0,0,4
1084,pp1711,20170519,7818,7818,0,0,0,8101,8101,283,283,0,0,4
1085,pp1711,20170522,8101,8101,0,0,0,8101,8101,0,0,0,0,4
1086,pp1711,20170523,8101,8101,0,0,0,8112,8112,11,11,0,0,4
1087,pp1711,20170524,8112,8112,0,0,0,8137,8137,25,25,0,0,4
1088,pp1711,20170525,8137,8137,8141,8141,8141,8141,8141,4,4,2,81410,6
1089,pp1711,20170526,8141,8141,7955,7955,7955,7955,7955,-186,-186,2,79550,6
1090,pp1711,20170531,7955,7955,0,0,0,7761,7761,-194,-194,0,0,6
1091,pp1711,20170601,7761,7761,0,0,0,7708,7708,-53,-53,0,0,6
1092,pp1711,20170602,7708,7708,0,0,0,7574,7574,-134,-134,0,0,6
1093,pp1711,20170605,7574,7574,0,0,0,7233,7233,-341,-341,0,0,6
1094,pp1711,20170606,7233,7233,0,0,0,7377,7377,144,144,0,0,6
1095,pp1711,20170607,7377,7377,0,0,0,7410,7410,33,33,0,0,6
1096,pp1711,20170608,7410,7410,0,0,0,7390,7390,-20,-20,0,0,6
1097,pp1711,20170609,7390,7390,0,0,0,7452,7452,62,62,0,0,6
1098,pp1711,20170612,7452,7452,0,0,0,7824,7824,372,372,0,0,6
1099,pp1711,20170613,7824,7824,0,0,0,7824,7824,0,0,0,0,6
1100,pp1711,20170614,7824,7824,0,0,0,7731,7731,-93,-93,0,0,6
1101,pp1711,20170615,7731,7731,0,0,0,7618,7618,-113,-113,0,0,6
1102,pp1711,20170616,7618,7618,0,0,0,7618,7618,0,0,0,0,6
1103,pp1711,20170619,7618,7618,0,0,0,7618,7618,0,0,0,0,6
1104,pp1711,20170620,7618,7618,0,0,0,7618,7618,0,0,0,0,6
1105,pp1711,20170621,7618,7618,0,0,0,7586,7586,-32,-32,0,0,6
1106,pp1711,20170622,7586,7586,0,0,0,7551,7551,-35,-35,0,0,6
1107,pp1711,20170623,7551,7551,0,0,0,7551,7551,0,0,0,0,6
1108,pp1711,20170626,7551,7551,0,0,0,7678,7678,127,127,0,0,6
1109,pp1711,20170627,7678,7678,0,0,0,7678,7678,0,0,0,0,6
1110,pp1711,20170628,7678,7678,0,0,0,7678,7678,0,0,0,0,6
1111,pp1711,20170629,7678,7678,0,0,0,7753,7753,75,75,0,0,6
1112,pp1711,20170630,7753,7753,0,0,0,7786,7786,33,33,0,0,6
1113,pp1711,20170703,7786,7786,0,0,0,7786,7786,0,0,0,0,6
1114,pp1711,20170704,7786,7786,0,0,0,7774,7774,-12,-12,0,0,6
1115,pp1711,20170705,7774,7774,0,0,0,7774,7774,0,0,0,0,6
1116,pp1711,20170706,7774,7774,0,0,0,7774,7774,0,0,0,0,6
1117,pp1711,20170707,7774,7774,0,0,0,7835,7835,61,61,0,0,6
1118,pp1711,20170710,7835,7835,0,0,0,7835,7835,0,0,0,0,6
1119,pp1711,20170711,7835,7835,0,0,0,7894,7894,59,59,0,0,6
1120,pp1711,20170712,7894,7894,0,0,0,7928,7928,34,34,0,0,6
1121,pp1711,20170713,7928,7928,0,0,0,7928,7928,0,0,0,0,6
1122,pp1711,20170714,7928,7928,0,0,0,7945,7945,17,17,0,0,6
1123,pp1711,20170717,7945,7945,0,0,0,7945,7945,0,0,0,0,6
1124,pp1711,20170718,7945,7945,0,0,0,7945,7945,0,0,0,0,6
1125,pp1711,20170719,7945,7945,0,0,0,7945,7945,0,0,0,0,6
1126,pp1711,20170720,7945,7945,8342,8342,8342,8342,8342,397,397,6,250260,10
1127,pp1711,20170721,8342,8342,8569,8569,8569,8569,8569,227,227,4,171380,10
1128,pp1711,20170724,8569,8569,8460,8460,8460,8460,8460,-109,-109,2,84600,8
1129,pp1711,20170725,8460,8460,8547,8547,8547,8547,8547,87,87,4,170940,8
1130,pp1711,20170726,8547,8547,0,0,0,8739,8739,192,192,0,0,8
1131,pp1711,20170727,8739,8739,0,0,0,8618,8618,-121,-121,0,0,8
1132,pp1711,20170728,8618,8618,0,0,0,8510,8510,-108,-108,0,0,8
1133,pp1711,20170731,8510,8510,8310,8310,8210,8210,8260,-300,-250,8,330400,6
1134,pp1711,20170801,8210,8260,0,0,0,8312,8312,52,52,0,0,6
1135,pp1711,20170802,8312,8312,0,0,0,8320,8320,8,8,0,0,6
1136,pp1711,20170803,8320,8320,0,0,0,8384,8384,64,64,0,0,6
1137,pp1711,20170804,8384,8384,0,0,0,8448,8448,64,64,0,0,6
1138,pp1711,20170807,8448,8448,0,0,0,8398,8398,-50,-50,0,0,6
1139,pp1711,20170808,8398,8398,0,0,0,8464,8464,66,66,0,0,6
1140,pp1711,20170809,8464,8464,8464,8464,8464,8464,8464,0,0,2,84640,4
1141,pp1711,20170810,8464,8464,0,0,0,8488,8488,24,24,0,0,4
1142,pp1711,20170811,8488,8488,0,0,0,8498,8498,10,10,0,0,4
1143,pp1711,20170814,8498,8498,0,0,0,8498,8498,0,0,0,0,4
1144,pp1711,20170815,8498,8498,0,0,0,8383,8383,-115,-115,0,0,4
1145,pp1711,20170816,8383,8383,0,0,0,8383,8383,0,0,0,0,4
1146,pp1711,20170817,8383,8383,0,0,0,8571,8571,188,188,0,0,4
1147,pp1711,20170818,8571,8571,0,0,0,8620,8620,49,49,0,0,4
1148,pp1711,20170821,8620,8620,0,0,0,8755,8755,135,135,0,0,4
1149,pp1711,20170822,8755,8755,0,0,0,8793,8793,38,38,0,0,4
1150,pp1711,20170823,8793,8793,0,0,0,8892,8892,99,99,0,0,4
1151,pp1711,20170824,8892,8892,0,0,0,8892,8892,0,0,0,0,4
1152,pp1711,20170825,8892,8892,0,0,0,9051,9051,159,159,0,0,4
1153,pp1711,20170828,9051,9051,9010,9010,8892,8892,8951,-159,-100,4,179020,4
1154,pp1711,20170829,8892,8951,0,0,0,8702,8702,-249,-249,0,0,4
1155,pp1711,20170830,8702,8702,0,0,0,8754,8754,52,52,0,0,4
1156,pp1711,20170831,8754,8754,0,0,0,8786,8786,32,32,0,0,4
1157,pp1711,20170901,8786,8786,0,0,0,8926,8926,140,140,0,0,4
1158,pp1711,20170904,8926,8926,0,0,0,9162,9162,236,236,0,0,4
1159,pp1711,20170905,9162,9162,9483,9483,9381,9381,9415,219,253,6,282450,10
1160,pp1711,20170906,9381,9415,0,0,0,9319,9319,-96,-96,0,0,10
1161,pp1711,20170907,9319,9319,9326,9326,9326,9326,9326,7,7,4,186520,6
1162,pp1711,20170908,9326,9326,0,0,0,9246,9246,-80,-80,0,0,6
1163,pp1711,20170911,9246,9246,0,0,0,8785,8785,-461,-461,0,0,6
1164,pp1711,20170912,8785,8785,0,0,0,8905,8905,120,120,0,0,6
1165,pp1711,20170913,8905,8905,0,0,0,8895,8895,-10,-10,0,0,6
1166,pp1711,20170914,8895,8895,0,0,0,9056,9056,161,161,0,0,6
1167,pp1711,20170915,9056,9056,0,0,0,8768,8768,-288,-288,0,0,6
1168,pp1711,20170918,8768,8768,0,0,0,8768,8768,0,0,0,0,6
1169,pp1711,20170919,8768,8768,0,0,0,8768,8768,0,0,0,0,6
1170,pp1711,20170920,8768,8768,0,0,0,8768,8768,0,0,0,0,6
1171,pp1711,20170921,8768,8768,8590,8590,8590,8590,8590,-178,-178,2,85900,6
1172,pp1711,20170922,8590,8590,0,0,0,8314,8314,-276,-276,0,0,6
1173,pp1711,20170925,8314,8314,0,0,0,8355,8355,41,41,0,0,6
1174,pp1711,20170926,8355,8355,0,0,0,8485,8485,130,130,0,0,6
1175,pp1711,20170927,8485,8485,0,0,0,8485,8485,0,0,0,0,6
1176,pp1711,20170928,8485,8485,0,0,0,8485,8485,0,0,0,0,6
1177,pp1711,20170929,8485,8485,0,0,0,8485,8485,0,0,0,0,6
1178,pp1711,20171009,8485,8485,0,0,0,8485,8485,0,0,0,0,6
1179,pp1711,20171010,8485,8485,0,0,0,8485,8485,0,0,0,0,6
1180,pp1711,20171011,8485,8485,0,0,0,8485,8485,0,0,0,0,6
1181,pp1711,20171012,8485,8485,0,0,0,8485,8485,0,0,0,0,6
1182,pp1711,20171013,8485,8485,0,0,0,8485,8485,0,0,0,0,6
1183,pp1711,20171016,8485,8485,0,0,0,8485,8485,0,0,0,0,6
1184,pp1711,20171017,8485,8485,8751,8751,8751,8751,8751,266,266,2,87510,4
1185,pp1711,20171018,8751,8751,8751,8751,8751,8751,8751,0,0,2,87510,2
1186,pp1711,20171019,8751,8751,0,0,0,8751,8751,0,0,0,0,2
1187,pp1711,20171020,8751,8751,0,0,0,8751,8751,0,0,0,0,2
1188,pp1711,20171023,8751,8751,8752,8752,8752,8752,8752,1,1,2,87520,2
1189,pp1711,20171024,8752,8752,0,0,0,8752,8752,0,0,0,0,2
1190,pp1711,20171025,8752,8752,0,0,0,8752,8752,0,0,0,0,2
1191,pp1711,20171026,8752,8752,0,0,0,8752,8752,0,0,0,0,2
1192,pp1711,20171027,8752,8752,0,0,0,8752,8752,0,0,0,0,2
1193,pp1711,20171030,8752,8752,8385,8400,8345,8400,8376,-352,-376,6,251300,2
1194,pp1711,20171031,8400,8376,0,0,0,8376,8376,0,0,0,0,2
1195,pp1711,20171101,8376,8376,0,0,0,8376,8376,0,0,0,0,2
1196,pp1711,20171102,8376,8376,0,0,0,8376,8376,0,0,0,0,2
1197,pp1711,20171103,8376,8376,0,0,0,8376,8376,0,0,0,0,2
1198,pp1711,20171106,8376,8376,0,0,0,8376,8376,0,0,0,0,2
1199,pp1711,20171107,8376,8376,0,0,0,8376,8376,0,0,0,0,2
1200,pp1711,20171108,8376,8376,0,0,0,8376,8376,0,0,0,0,2
1201,pp1711,20171109,8376,8376,0,0,0,8376,8376,0,0,0,0,2
1202,pp1711,20171110,8376,8376,0,0,0,8376,8376,0,0,0,0,2
1203,pp1711,20171113,8376,8376,0,0,0,8376,8376,0,0,0,0,2
1204,pp1711,20171114,8376,8376,0,0,0,8376,8376,0,0,0,0,0
1205,pp1712,20170103,8802,8802,0,0,0,8581,8581,-221,-221,0,0,0
1206,pp1712,20170104,8581,8581,8440,8440,8440,8440,8440,-141,-141,2,84400,2
1207,pp1712,20170105,8440,8440,0,0,0,8455,8455,15,15,0,0,2
1208,pp1712,20170106,8455,8455,0,0,0,8455,8455,0,0,0,0,2
1209,pp1712,20170109,8455,8455,0,0,0,8455,8455,0,0,0,0,2
1210,pp1712,20170110,8455,8455,0,0,0,8469,8469,14,14,0,0,2
1211,pp1712,20170111,8469,8469,0,0,0,8514,8514,45,45,0,0,2
1212,pp1712,20170112,8514,8514,0,0,0,8657,8657,143,143,0,0,2
1213,pp1712,20170113,8657,8657,0,0,0,8689,8689,32,32,0,0,2
1214,pp1712,20170116,8689,8689,9105,9105,8808,8808,8956,119,267,4,179130,2
1215,pp1712,20170117,8808,8956,0,0,0,8957,8957,1,1,0,0,2
1216,pp1712,20170118,8957,8957,0,0,0,8940,8940,-17,-17,0,0,2
1217,pp1712,20170119,8940,8940,0,0,0,8809,8809,-131,-131,0,0,2
1218,pp1712,20170120,8809,8809,0,0,0,8923,8923,114,114,0,0,2
1219,pp1712,20170123,8923,8923,0,0,0,9099,9099,176,176,0,0,2
1220,pp1712,20170124,9099,9099,0,0,0,9076,9076,-23,-23,0,0,2
1221,pp1712,20170125,9076,9076,0,0,0,9209,9209,133,133,0,0,2
1222,pp1712,20170126,9209,9209,0,0,0,9238,9238,29,29,0,0,2
1223,pp1712,20170203,9238,9238,0,0,0,9173,9173,-65,-65,0,0,2
1224,pp1712,20170206,9173,9173,0,0,0,9224,9224,51,51,0,0,2
1225,pp1712,20170207,9224,9224,0,0,0,9224,9224,0,0,0,0,2
1226,pp1712,20170208,9224,9224,9205,9205,9205,9205,9205,-19,-19,2,92050,2
1227,pp1712,20170209,9205,9205,0,0,0,9205,9205,0,0,0,0,2
1228,pp1712,20170210,9205,9205,0,0,0,9205,9205,0,0,0,0,2
1229,pp1712,20170213,9205,9205,0,0,0,9460,9460,255,255,0,0,2
1230,pp1712,20170214,9460,9460,0,0,0,9460,9460,0,0,0,0,2
1231,pp1712,20170215,9460,9460,0,0,0,9415,9415,-45,-45,0,0,2
1232,pp1712,20170216,9415,9415,0,0,0,9213,9213,-202,-202,0,0,2
1233,pp1712,20170217,9213,9213,0,0,0,9050,9050,-163,-163,0,0,2
1234,pp1712,20170220,9050,9050,0,0,0,9050,9050,0,0,0,0,2
1235,pp1712,20170221,9050,9050,0,0,0,8749,8749,-301,-301,0,0,2
1236,pp1712,20170222,8749,8749,8937,8937,8937,8937,8937,188,188,2,89370,4
1237,pp1712,20170223,8937,8937,0,0,0,8811,8811,-126,-126,0,0,4
1238,pp1712,20170224,8811,8811,0,0,0,8811,8811,0,0,0,0,4
1239,pp1712,20170227,8811,8811,0,0,0,8811,8811,0,0,0,0,4
1240,pp1712,20170228,8811,8811,0,0,0,8811,8811,0,0,0,0,4
1241,pp1712,20170301,8811,8811,0,0,0,8811,8811,0,0,0,0,4
1242,pp1712,20170302,8811,8811,0,0,0,8745,8745,-66,-66,0,0,4
1243,pp1712,20170303,8745,8745,0,0,0,8745,8745,0,0,0,0,4
1244,pp1712,20170306,8745,8745,0,0,0,8745,8745,0,0,0,0,4
1245,pp1712,20170307,8745,8745,0,0,0,8745,8745,0,0,0,0,4
1246,pp1712,20170308,8745,8745,0,0,0,8489,8489,-256,-256,0,0,4
1247,pp1712,20170309,8489,8489,0,0,0,8489,8489,0,0,0,0,4
1248,pp1712,20170310,8489,8489,0,0,0,8434,8434,-55,-55,0,0,4
1249,pp1712,20170313,8434,8434,8176,8176,8176,8176,8176,-258,-258,2,81760,6
1250,pp1712,20170314,8176,8176,0,0,0,8176,8176,0,0,0,0,6
1251,pp1712,20170315,8176,8176,0,0,0,8259,8259,83,83,0,0,6
1252,pp1712,20170316,8259,8259,0,0,0,8293,8293,34,34,0,0,6
1253,pp1712,20170317,8293,8293,0,0,0,8338,8338,45,45,0,0,6
1254,pp1712,20170320,8338,8338,0,0,0,8251,8251,-87,-87,0,0,6
1255,pp1712,20170321,8251,8251,0,0,0,8307,8307,56,56,0,0,6
1256,pp1712,20170322,8307,8307,0,0,0,8110,8110,-197,-197,0,0,6
1257,pp1712,20170323,8110,8110,8208,8208,8208,8208,8208,98,98,2,82080,4
1258,pp1712,20170324,8208,8208,0,0,0,8131,8131,-77,-77,0,0,4
1259,pp1712,20170327,8131,8131,0,0,0,7739,7739,-392,-392,0,0,4
1260,pp1712,20170328,7739,7739,0,0,0,7800,7800,61,61,0,0,4
1261,pp1712,20170329,7800,7800,0,0,0,7955,7955,155,155,0,0,4
1262,pp1712,20170330,7955,7955,0,0,0,7955,7955,0,0,0,0,4
1263,pp1712,20170331,7955,7955,0,0,0,7938,7938,-17,-17,0,0,4
1264,pp1712,20170405,7938,7938,0,0,0,7965,7965,27,27,0,0,4
1265,pp1712,20170406,7965,7965,0,0,0,8032,8032,67,67,0,0,4
1266,pp1712,20170407,8032,8032,0,0,0,8048,8048,16,16,0,0,4
1267,pp1712,20170410,8048,8048,0,0,0,7785,7785,-263,-263,0,0,4
1268,pp1712,20170411,7785,7785,0,0,0,7968,7968,183,183,0,0,4
1269,pp1712,20170412,7968,7968,0,0,0,7903,7903,-65,-65,0,0,4
1270,pp1712,20170413,7903,7903,0,0,0,7903,7903,0,0,0,0,4
1271,pp1712,20170414,7903,7903,7636,7636,7636,7636,7636,-267,-267,2,76360,4
1272,pp1712,20170417,7636,7636,7712,7712,7712,7712,7712,76,76,2,77120,2
1273,pp1712,20170418,7712,7712,0,0,0,7616,7616,-96,-96,0,0,2
1274,pp1712,20170419,7616,7616,0,0,0,7257,7257,-359,-359,0,0,2
1275,pp1712,20170420,7257,7257,0,0,0,7208,7208,-49,-49,0,0,2
1276,pp1712,20170421,7208,7208,0,0,0,7314,7314,106,106,0,0,2
1277,pp1712,20170424,7314,7314,0,0,0,7203,7203,-111,-111,0,0,2
1278,pp1712,20170425,7203,7203,0,0,0,7235,7235,32,32,0,0,2
1279,pp1712,20170426,7235,7235,0,0,0,7310,7310,75,75,0,0,2
1280,pp1712,20170427,7310,7310,7672,7672,7672,7672,7672,362,362,2,76720,2
1281,pp1712,20170428,7672,7672,0,0,0,7778,7778,106,106,0,0,2
1282,pp1712,20170502,7778,7778,0,0,0,7778,7778,0,0,0,0,2
1283,pp1712,20170503,7778,7778,0,0,0,7778,7778,0,0,0,0,2
1284,pp1712,20170504,7778,7778,0,0,0,7565,7565,-213,-213,0,0,2
1285,pp1712,20170505,7565,7565,0,0,0,7452,7452,-113,-113,0,0,2
1286,pp1712,20170508,7452,7452,0,0,0,7686,7686,234,234,0,0,2
1287,pp1712,20170509,7686,7686,0,0,0,7595,7595,-91,-91,0,0,2
1288,pp1712,20170510,7595,7595,0,0,0,7470,7470,-125,-125,0,0,2
1289,pp1712,20170511,7470,7470,0,0,0,7470,7470,0,0,0,0,2
1290,pp1712,20170512,7470,7470,0,0,0,7470,7470,0,0,0,0,2
1291,pp1712,20170515,7470,7470,0,0,0,7703,7703,233,233,0,0,2
1292,pp1712,20170516,7703,7703,0,0,0,7703,7703,0,0,0,0,2
1293,pp1712,20170517,7703,7703,0,0,0,7703,7703,0,0,0,0,2
1294,pp1712,20170518,7703,7703,0,0,0,7825,7825,122,122,0,0,2
1295,pp1712,20170519,7825,7825,0,0,0,8108,8108,283,283,0,0,2
1296,pp1712,20170522,8108,8108,0,0,0,8200,8200,92,92,0,0,2
1297,pp1712,20170523,8200,8200,0,0,0,8211,8211,11,11,0,0,2
1298,pp1712,20170524,8211,8211,0,0,0,8237,8237,26,26,0,0,2
1299,pp1712,20170525,8237,8237,8157,8206,8157,8194,8193,-43,-44,16,655490,18
1300,pp1712,20170526,8194,8193,0,0,0,8006,8006,-187,-187,0,0,18
1301,pp1712,20170531,8006,8006,0,0,0,7811,7811,-195,-195,0,0,18
1302,pp1712,20170601,7811,7811,0,0,0,7758,7758,-53,-53,0,0,18
1303,pp1712,20170602,7758,7758,0,0,0,7623,7623,-135,-135,0,0,18
1304,pp1712,20170605,7623,7623,0,0,0,7280,7280,-343,-343,0,0,18
1305,pp1712,20170606,7280,7280,0,0,0,7425,7425,145,145,0,0,18
1306,pp1712,20170607,7425,7425,0,0,0,7458,7458,33,33,0,0,18
1307,pp1712,20170608,7458,7458,0,0,0,7438,7438,-20,-20,0,0,18
1308,pp1712,20170609,7438,7438,0,0,0,7500,7500,62,62,0,0,18
1309,pp1712,20170612,7500,7500,0,0,0,7721,7721,221,221,0,0,18
1310,pp1712,20170613,7721,7721,0,0,0,7572,7572,-149,-149,0,0,18
1311,pp1712,20170614,7572,7572,0,0,0,7482,7482,-90,-90,0,0,18
1312,pp1712,20170615,7482,7482,0,0,0,7373,7373,-109,-109,0,0,18
1313,pp1712,20170616,7373,7373,0,0,0,7407,7407,34,34,0,0,18
1314,pp1712,20170619,7407,7407,7777,7777,7571,7777,7685,370,278,224,8607240,24
1315,pp1712,20170620,7777,7685,7809,7809,7736,7787,7773,102,88,32,1243760,22
1316,pp1712,20170621,7787,7773,0,0,0,7773,7773,0,0,0,0,22
1317,pp1712,20170622,7773,7773,0,0,0,7773,7773,0,0,0,0,22
1318,pp1712,20170623,7773,7773,0,0,0,7773,7773,0,0,0,0,22
1319,pp1712,20170626,7773,7773,0,0,0,7773,7773,0,0,0,0,22
1320,pp1712,20170627,7773,7773,0,0,0,7773,7773,0,0,0,0,22
1321,pp1712,20170628,7773,7773,0,0,0,7773,7773,0,0,0,0,22
1322,pp1712,20170629,7773,7773,0,0,0,7849,7849,76,76,0,0,22
1323,pp1712,20170630,7849,7849,8000,8000,8000,8000,8000,151,151,2,80000,20
1324,pp1712,20170703,8000,8000,0,0,0,8000,8000,0,0,0,0,20
1325,pp1712,20170704,8000,8000,0,0,0,7987,7987,-13,-13,0,0,20
1326,pp1712,20170705,7987,7987,0,0,0,7987,7987,0,0,0,0,20
1327,pp1712,20170706,7987,7987,0,0,0,7987,7987,0,0,0,0,20
1328,pp1712,20170707,7987,7987,0,0,0,7987,7987,0,0,0,0,20
1329,pp1712,20170710,7987,7987,0,0,0,7987,7987,0,0,0,0,20
1330,pp1712,20170711,7987,7987,8111,8111,8111,8111,8111,124,124,2,81110,20
1331,pp1712,20170712,8111,8111,0,0,0,8111,8111,0,0,0,0,20
1332,pp1712,20170713,8111,8111,0,0,0,8111,8111,0,0,0,0,20
1333,pp1712,20170714,8111,8111,0,0,0,8111,8111,0,0,0,0,20
1334,pp1712,20170717,8111,8111,0,0,0,8111,8111,0,0,0,0,20
1335,pp1712,20170718,8111,8111,0,0,0,8111,8111,0,0,0,0,20
1336,pp1712,20170719,8111,8111,8228,8228,8228,8228,8228,117,117,2,82280,20
1337,pp1712,20170720,8228,8228,8354,8600,8354,8600,8479,372,251,14,593580,12
1338,pp1712,20170721,8600,8479,0,0,0,8709,8709,230,230,0,0,12
1339,pp1712,20170724,8709,8709,0,0,0,8599,8599,-110,-110,0,0,12
1340,pp1712,20170725,8599,8599,0,0,0,8599,8599,0,0,0,0,12
1341,pp1712,20170726,8599,8599,8791,8791,8492,8492,8641,-107,42,4,172830,14
1342,pp1712,20170727,8492,8641,0,0,0,8641,8641,0,0,0,0,14
1343,pp1712,20170728,8641,8641,0,0,0,8533,8533,-108,-108,0,0,14
1344,pp1712,20170731,8533,8533,0,0,0,8533,8533,0,0,0,0,14
1345,pp1712,20170801,8533,8533,8450,8450,8450,8450,8450,-83,-83,2,84500,12
1346,pp1712,20170802,8450,8450,0,0,0,8450,8450,0,0,0,0,12
1347,pp1712,20170803,8450,8450,0,0,0,8450,8450,0,0,0,0,12
1348,pp1712,20170804,8450,8450,0,0,0,8450,8450,0,0,0,0,12
1349,pp1712,20170807,8450,8450,0,0,0,8450,8450,0,0,0,0,12
1350,pp1712,20170808,8450,8450,8527,8527,8527,8527,8527,77,77,2,85270,14
1351,pp1712,20170809,8527,8527,0,0,0,8527,8527,0,0,0,0,14
1352,pp1712,20170810,8527,8527,0,0,0,8551,8551,24,24,0,0,14
1353,pp1712,20170811,8551,8551,0,0,0,8551,8551,0,0,0,0,14
1354,pp1712,20170814,8551,8551,0,0,0,8551,8551,0,0,0,0,14
1355,pp1712,20170815,8551,8551,8468,8468,8468,8468,8468,-83,-83,2,84680,14
1356,pp1712,20170816,8468,8468,0,0,0,8468,8468,0,0,0,0,14
1357,pp1712,20170817,8468,8468,0,0,0,8658,8658,190,190,0,0,14
1358,pp1712,20170818,8658,8658,0,0,0,8658,8658,0,0,0,0,14
1359,pp1712,20170821,8658,8658,0,0,0,8794,8794,136,136,0,0,14
1360,pp1712,20170822,8794,8794,0,0,0,8832,8832,38,38,0,0,14
1361,pp1712,20170823,8832,8832,0,0,0,8931,8931,99,99,0,0,14
1362,pp1712,20170824,8931,8931,0,0,0,9147,9147,216,216,0,0,14
1363,pp1712,20170825,9147,9147,0,0,0,9147,9147,0,0,0,0,14
1364,pp1712,20170828,9147,9147,0,0,0,9147,9147,0,0,0,0,14
1365,pp1712,20170829,9147,9147,0,0,0,8892,8892,-255,-255,0,0,14
1366,pp1712,20170830,8892,8892,9132,9300,9132,9300,9272,408,380,12,556320,22
1367,pp1712,20170831,9300,9272,9176,9364,9111,9364,9213,92,-59,30,1381980,14
1368,pp1712,20170901,9364,9213,0,0,0,9360,9360,147,147,0,0,14
1369,pp1712,20170904,9360,9360,0,0,0,9608,9608,248,248,0,0,14
1370,pp1712,20170905,9608,9608,0,0,0,9873,9873,265,265,0,0,14
1371,pp1712,20170906,9873,9873,0,0,0,9772,9772,-101,-101,0,0,14
1372,pp1712,20170907,9772,9772,0,0,0,9779,9779,7,7,0,0,14
1373,pp1712,20170908,9779,9779,9291,9291,9291,9291,9291,-488,-488,6,278730,14
1374,pp1712,20170911,9291,9291,0,0,0,8827,8827,-464,-464,0,0,14
1375,pp1712,20170912,8827,8827,9268,9268,9268,9268,9268,441,441,2,92680,14
1376,pp1712,20170913,9268,9268,0,0,0,9257,9257,-11,-11,0,0,14
1377,pp1712,20170914,9257,9257,0,0,0,9425,9425,168,168,0,0,14
1378,pp1712,20170915,9425,9425,8955,8955,8955,8955,8955,-470,-470,8,358200,16
1379,pp1712,20170918,8955,8955,8856,8856,8856,8856,8856,-99,-99,2,88560,14
1380,pp1712,20170919,8856,8856,0,0,0,8856,8856,0,0,0,0,14
1381,pp1712,20170920,8856,8856,0,0,0,8856,8856,0,0,0,0,14
1382,pp1712,20170921,8856,8856,0,0,0,8677,8677,-179,-179,0,0,14
1383,pp1712,20170922,8677,8677,0,0,0,8677,8677,0,0,0,0,14
1384,pp1712,20170925,8677,8677,0,0,0,8720,8720,43,43,0,0,14
1385,pp1712,20170926,8720,8720,0,0,0,8720,8720,0,0,0,0,14
1386,pp1712,20170927,8720,8720,0,0,0,8720,8720,0,0,0,0,14
1387,pp1712,20170928,8720,8720,8540,8798,8540,8798,8669,78,-51,4,173380,16
1388,pp1712,20170929,8798,8669,8632,8632,8632,8632,8632,-37,-37,2,86320,16
1389,pp1712,20171009,8632,8632,8876,8876,8860,8860,8868,228,236,4,177360,16
1390,pp1712,20171010,8860,8868,0,0,0,8868,8868,0,0,0,0,16
1391,pp1712,20171011,8868,8868,0,0,0,8868,8868,0,0,0,0,16
1392,pp1712,20171012,8868,8868,0,0,0,8868,8868,0,0,0,0,16
1393,pp1712,20171013,8868,8868,0,0,0,8868,8868,0,0,0,0,16
1394,pp1712,20171016,8868,8868,0,0,0,8868,8868,0,0,0,0,16
1395,pp1712,20171017,8868,8868,0,0,0,9146,9146,278,278,0,0,16
1396,pp1712,20171018,9146,9146,8979,8979,8979,8979,8979,-167,-167,2,89790,18
1397,pp1712,20171019,8979,8979,0,0,0,8979,8979,0,0,0,0,18
1398,pp1712,20171020,8979,8979,8878,8983,8742,8983,8867,4,-112,6,266030,18
1399,pp1712,20171023,8983,8867,0,0,0,8868,8868,1,1,0,0,18
1400,pp1712,20171024,8868,8868,0,0,0,8868,8868,0,0,0,0,18
1401,pp1712,20171025,8868,8868,0,0,0,8868,8868,0,0,0,0,18
1402,pp1712,20171026,8868,8868,8950,8979,8679,8979,8840,111,-28,62,2740430,18
1403,pp1712,20171027,8979,8840,8680,8680,8680,8680,8680,-160,-160,6,260400,18
1404,pp1712,20171030,8680,8680,0,0,0,8680,8680,0,0,0,0,18
1405,pp1712,20171031,8680,8680,8620,8620,8600,8600,8606,-80,-74,6,258200,14
1406,pp1712,20171101,8600,8606,8606,8606,8606,8606,8606,0,0,4,172120,10
1407,pp1712,20171102,8606,8606,0,0,0,8606,8606,0,0,0,0,10
1408,pp1712,20171103,8606,8606,8919,8947,8634,8728,8802,122,196,40,1760420,12
1409,pp1712,20171106,8728,8802,8900,8900,8900,8900,8900,98,98,2,89000,10
1410,pp1712,20171107,8900,8900,9049,9049,9049,9049,9049,149,149,2,90490,10
1411,pp1712,20171108,9049,9049,9000,9000,9000,9000,9000,-49,-49,2,90000,10
1412,pp1712,20171109,9000,9000,8989,9250,8989,9080,9088,80,88,8,363540,12
1413,pp1712,20171110,9080,9088,0,0,0,9088,9088,0,0,0,0,12
1414,pp1712,20171113,9088,9088,0,0,0,9088,9088,0,0,0,0,12
1415,pp1712,20171114,9088,9088,9039,9039,9039,9039,9039,-49,-49,2,90390,10
1416,pp1712,20171115,9039,9039,0,0,0,9039,9039,0,0,0,0,10
1417,pp1712,20171116,9039,9039,0,0,0,9039,9039,0,0,0,0,10
1418,pp1712,20171117,9039,9039,0,0,0,9039,9039,0,0,0,0,10
1419,pp1712,20171120,9039,9039,9039,9039,9039,9039,9039,0,0,2,90390,8
1420,pp1712,20171121,9039,9039,0,0,0,9039,9039,0,0,0,0,8
1421,pp1712,20171122,9039,9039,0,0,0,9039,9039,0,0,0,0,8
1422,pp1712,20171123,9039,9039,0,0,0,9039,9039,0,0,0,0,8
1423,pp1712,20171124,9039,9039,0,0,0,9039,9039,0,0,0,0,8
1424,pp1712,20171127,9039,9039,0,0,0,9039,9039,0,0,0,0,8
1425,pp1712,20171128,9039,9039,0,0,0,8997,8997,-42,-42,0,0,8
1426,pp1712,20171129,8997,8997,8700,8700,8700,8700,8700,-297,-297,2,87000,8
1427,pp1712,20171130,8700,8700,8800,8800,8750,8750,8775,50,75,4,175500,8
1428,pp1712,20171201,8750,8775,0,0,0,8775,8775,0,0,0,0,8
1429,pp1712,20171204,8775,8775,8999,8999,8999,8999,8999,224,224,2,89990,8
1430,pp1712,20171205,8999,8999,0,0,0,8999,8999,0,0,0,0,8
1431,pp1712,20171206,8999,8999,9349,9349,9349,9349,9349,350,350,6,280470,8
1432,pp1712,20171207,9349,9349,9199,9199,8999,8999,9149,-350,-200,8,365960,8
1433,pp1712,20171208,8999,9149,9040,9040,9040,9040,9040,-109,-109,2,90400,8
1434,pp1712,20171211,9040,9040,0,0,0,9040,9040,0,0,0,0,8
1435,pp1712,20171212,9040,9040,0,0,0,9040,9040,0,0,0,0,8
1436,pp1712,20171213,9040,9040,0,0,0,9040,9040,0,0,0,0,8
1437,pp1712,20171214,9040,9040,0,0,0,9186,9186,146,146,0,0,0
1438,pp1801,20170117,8956,8956,8992,8992,8765,8786,8914,-170,-42,318,14173570,306
1439,pp1801,20170118,8786,8914,8765,8880,8765,8880,8838,-34,-76,344,15203010,546
1440,pp1801,20170119,8880,8838,8768,8768,8657,8747,8704,-91,-134,296,12882130,804
1441,pp1801,20170120,8747,8704,8792,8900,8752,8820,8825,116,121,230,10148940,844
1442,pp1801,20170123,8820,8825,8948,9034,8902,8988,8980,163,155,816,36639820,950
1443,pp1801,20170124,8988,8980,8970,9010,8857,8882,8961,-98,-19,94,4212030,930
1444,pp1801,20170125,8882,8961,9020,9205,8710,9175,9090,214,129,378,17181880,1022
1445,pp1801,20170126,9175,9090,9188,9188,9025,9120,9108,30,18,152,6922620,1040
1446,pp1801,20170203,9120,9108,9184,9184,8900,9030,9049,-78,-59,96,4343700,1044
1447,pp1801,20170206,9030,9049,9062,9152,8995,9120,9118,71,69,334,15227430,1056
1448,pp1801,20170207,9120,9118,9188,9200,9090,9149,9169,31,51,502,23016340,1102
1449,pp1801,20170208,9149,9169,9120,9268,9120,9180,9184,11,15,372,17082640,1114
1450,pp1801,20170209,9180,9184,9190,9287,9177,9206,9242,22,58,390,18023160,1224
1451,pp1801,20170210,9206,9242,9206,9274,9087,9240,9205,-2,-37,248,11414200,1230
1452,pp1801,20170213,9240,9205,9322,9501,9322,9494,9431,289,226,542,25560270,1402
1453,pp1801,20170214,9494,9431,9491,9542,9426,9542,9483,111,52,258,12233110,1422
1454,pp1801,20170215,9542,9483,9423,9486,9311,9348,9404,-135,-79,682,32067690,1600
1455,pp1801,20170216,9348,9404,9311,9331,9125,9125,9258,-279,-146,538,24904490,1622
1456,pp1801,20170217,9125,9258,9148,9210,9000,9055,9132,-203,-126,300,13698040,1706
1457,pp1801,20170220,9055,9132,9060,9155,9030,9066,9080,-66,-52,126,5720940,1718
1458,pp1801,20170221,9066,9080,9130,9130,8897,8966,8995,-114,-85,222,9984690,1748
1459,pp1801,20170222,8966,8995,8951,9008,8867,8932,8943,-63,-52,282,12610290,1888
1460,pp1801,20170223,8932,8943,8926,8931,8756,8764,8834,-179,-109,328,14488430,1958
1461,pp1801,20170224,8764,8834,8790,8860,8761,8815,8810,-19,-24,432,19031600,2062
1462,pp1801,20170227,8815,8810,8880,8992,8850,8891,8912,81,102,304,13547540,2190
1463,pp1801,20170228,8891,8912,8888,8921,8706,8759,8810,-153,-102,396,17445700,2264
1464,pp1801,20170301,8759,8810,8798,8860,8729,8745,8805,-65,-5,256,11270820,2318
1465,pp1801,20170302,8745,8805,8766,8788,8680,8771,8739,-34,-66,304,13283400,2418
1466,pp1801,20170303,8771,8739,8680,8800,8680,8800,8756,61,17,502,21978450,2650
1467,pp1801,20170306,8800,8756,8800,8895,8788,8882,8853,126,97,336,14874320,2660
1468,pp1801,20170307,8882,8853,8888,8888,8783,8820,8831,-33,-22,224,9891570,2644
1469,pp1801,20170308,8820,8831,8730,8730,8530,8535,8609,-296,-222,604,25999790,2928
1470,pp1801,20170309,8535,8609,8450,8500,8351,8476,8433,-133,-176,1312,55323630,3978
1471,pp1801,20170310,8476,8433,8491,8497,8291,8350,8384,-83,-49,532,22303930,3790
1472,pp1801,20170313,8350,8384,8234,8400,8208,8400,8260,16,-124,1336,55179840,3620
1473,pp1801,20170314,8400,8260,8417,8445,8305,8346,8401,86,141,434,18230680,3422
1474,pp1801,20170315,8346,8401,8464,8513,8395,8418,8470,17,69,322,13638140,3434
1475,pp1801,20170316,8418,8470,8438,8536,8428,8527,8485,57,15,408,17311140,3418
1476,pp1801,20170317,8527,8485,8523,8588,8499,8560,8551,75,66,432,18470320,3546
1477,pp1801,20170320,8560,8551,8565,8577,8413,8521,8460,-30,-91,468,19797370,3670
1478,pp1801,20170321,8521,8460,8486,8556,8461,8461,8512,1,52,324,13789690,3754
1479,pp1801,20170322,8461,8512,8435,8435,8266,8266,8298,-246,-214,926,38421360,4168
1480,pp1801,20170323,8266,8298,8347,8358,8200,8200,8268,-98,-30,864,35718000,4578
1481,pp1801,20170324,8200,8268,8204,8280,8130,8140,8156,-128,-112,2434,99267240,6312
1482,pp1801,20170327,8140,8156,8100,8100,7820,7900,7942,-256,-214,2094,83159040,7692
1483,pp1801,20170328,7900,7942,7964,8020,7904,7997,7980,55,38,1026,40941500,7618
1484,pp1801,20170329,7997,7980,8098,8228,8076,8227,8126,247,146,776,31529720,7628
1485,pp1801,20170330,8227,8126,8289,8318,8133,8182,8207,56,81,896,36767960,7698
1486,pp1801,20170331,8182,8207,8239,8264,8075,8082,8210,-125,3,2366,97134820,8290
1487,pp1801,20170405,8082,8210,8082,8330,8080,8300,8206,90,-4,1258,51618580,8582
1488,pp1801,20170406,8300,8206,8253,8350,8245,8349,8294,143,88,994,41223700,8394
1489,pp1801,20170407,8349,8294,8236,8460,8210,8261,8318,-33,24,2004,83353810,8638
1490,pp1801,20170410,8261,8318,8293,8293,8040,8040,8173,-278,-145,2940,120157050,9230
1491,pp1801,20170411,8040,8173,8088,8100,7966,7975,8019,-198,-154,5022,201373530,11926
1492,pp1801,20170412,7975,8019,7979,8038,7867,7875,7931,-144,-88,4418,175213790,13576
1493,pp1801,20170413,7875,7931,7890,7938,7808,7865,7894,-66,-37,4022,158763440,13976
1494,pp1801,20170414,7865,7894,7895,7956,7618,7632,7705,-262,-189,9612,370320740,20904
1495,pp1801,20170417,7632,7705,7678,7717,7575,7580,7630,-125,-75,7566,288669630,23704
1496,pp1801,20170418,7580,7630,7580,7638,7490,7608,7567,-22,-63,10500,397285230,26576
1497,pp1801,20170419,7608,7567,7564,7642,7456,7593,7567,26,0,5658,214085180,27530
1498,pp1801,20170420,7593,7567,7562,7682,7469,7650,7563,83,-4,7654,289438800,28660
1499,pp1801,20170421,7650,7563,7658,7730,7599,7599,7676,36,113,5474,210113710,29124
1500,pp1801,20170424,7599,7676,7600,7600,7450,7530,7493,-146,-183,9066,339698900,32532
1501,pp1801,20170425,7530,7493,7540,7605,7490,7538,7544,45,51,8020,302536700,33390
1502,pp1801,20170426,7538,7544,7544,7721,7480,7658,7633,114,89,8382,319910750,32914
1503,pp1801,20170427,7658,7633,7668,7795,7668,7792,7739,159,106,8404,325212920,32796
1504,pp1801,20170428,7792,7739,7811,7909,7811,7875,7858,136,119,9002,353712900,33890
1505,pp1801,20170502,7875,7858,7875,7885,7754,7877,7834,19,-24,9728,381048850,37184
1506,pp1801,20170503,7877,7834,7851,7881,7786,7825,7842,-9,8,5428,212854500,37942
1507,pp1801,20170504,7825,7842,7700,7700,7517,7592,7617,-250,-225,17990,685211010,39454
1508,pp1801,20170505,7592,7617,7540,7590,7470,7530,7543,-87,-74,6768,255279550,38430
1509,pp1801,20170508,7530,7543,7611,7766,7562,7572,7670,29,127,11600,444902810,40460
1510,pp1801,20170509,7572,7670,7601,7615,7535,7578,7577,-92,-93,4194,158906500,40132
1511,pp1801,20170510,7578,7577,7601,7644,7382,7460,7449,-117,-128,13288,494941690,44896
1512,pp1801,20170511,7460,7449,7460,7567,7417,7536,7505,87,56,11474,430567880,44942
1513,pp1801,20170512,7536,7505,7530,7579,7484,7535,7536,30,31,10996,414340260,47646
1514,pp1801,20170515,7535,7536,7566,7739,7566,7738,7668,202,132,19290,739638090,51190
1515,pp1801,20170516,7738,7668,7778,7826,7682,7818,7751,150,83,15114,585818460,50390
1516,pp1801,20170517,7818,7751,7812,7850,7742,7798,7784,47,33,7958,309755360,51132
1517,pp1801,20170518,7798,7784,7798,7875,7698,7870,7791,86,7,14240,554749650,54120
1518,pp1801,20170519,7870,7791,7950,8147,7926,8140,8017,349,226,25070,1004995500,56796
1519,pp1801,20170522,8140,8017,8150,8210,8061,8131,8129,114,112,13430,545926820,54504
1520,pp1801,20170523,8131,8129,8129,8198,8073,8114,8145,-15,16,12782,520569600,54946
1521,pp1801,20170524,8114,8145,8123,8172,7940,8043,8052,-102,-93,12996,523276090,55890
1522,pp1801,20170525,8043,8052,8033,8215,8032,8105,8116,53,64,15668,635808270,55142
1523,pp1801,20170526,8105,8116,8000,8068,7972,8055,8023,-61,-93,16666,668632430,53942
1524,pp1801,20170531,8055,8023,8068,8125,7870,7872,7988,-151,-35,18300,730982960,54226
1525,pp1801,20170601,7872,7988,7892,7980,7879,7929,7935,-59,-53,14850,589206490,56174
1526,pp1801,20170602,7929,7935,7928,7928,7700,7717,7801,-218,-134,23786,927832540,60618
1527,pp1801,20170605,7717,7801,7728,7776,7667,7696,7706,-105,-95,18016,694190140,63708
1528,pp1801,20170606,7696,7706,7701,7748,7645,7715,7692,9,-14,11476,441371490,64660
1529,pp1801,20170607,7715,7692,7729,7786,7688,7732,7736,40,44,13238,512079940,64908
1530,pp1801,20170608,7732,7736,7690,7801,7614,7743,7704,7,-32,24098,928344730,69260
1531,pp1801,20170609,7743,7704,7750,7814,7710,7717,7759,13,55,14736,571699430,68310
1532,pp1801,20170612,7717,7759,7757,7929,7757,7920,7883,161,124,22768,897494810,71070
1533,pp1801,20170613,7920,7883,7920,7926,7706,7707,7819,-176,-64,36076,1410484190,79736
1534,pp1801,20170614,7707,7819,7711,7788,7668,7748,7730,-71,-89,34134,1319402800,87682
1535,pp1801,20170615,7748,7730,7688,7745,7625,7672,7686,-58,-44,29800,1145223580,89300
1536,pp1801,20170616,7672,7686,7679,7773,7673,7705,7717,19,31,28316,1092603290,88364
1537,pp1801,20170619,7705,7717,7725,7861,7692,7753,7778,36,61,32382,1259470960,93952
1538,pp1801,20170620,7753,7778,7745,7792,7664,7726,7713,-52,-65,30032,1158255140,100290
1539,pp1801,20170621,7726,7713,7692,7762,7635,7696,7684,-17,-29,37310,1433477750,112972
1540,pp1801,20170622,7696,7684,7680,7740,7599,7606,7648,-78,-36,26276,1004882240,111336
1541,pp1801,20170623,7606,7648,7623,7667,7615,7658,7636,10,-12,21436,818441010,108886
1542,pp1801,20170626,7658,7636,7674,7802,7669,7743,7741,107,105,32510,1258424870,112076
1543,pp1801,20170627,7743,7741,7739,7820,7709,7813,7768,72,27,37602,1460643570,114912
1544,pp1801,20170628,7813,7768,7850,7898,7715,7747,7793,-21,25,24042,936800390,115710
1545,pp1801,20170629,7747,7793,7791,7962,7791,7908,7877,115,84,36258,1428083160,118926
1546,pp1801,20170630,7908,7877,7900,7984,7851,7950,7919,73,42,41044,1625270650,121032
1547,pp1801,20170703,7950,7919,8001,8062,7962,8045,8018,126,99,31082,1246079530,126382
1548,pp1801,20170704,8045,8018,8010,8020,7844,7861,7918,-157,-100,43950,1740160080,137020
1549,pp1801,20170705,7861,7918,7891,7986,7857,7908,7926,-10,8,27932,1107065530,132512
1550,pp1801,20170706,7908,7926,7878,8101,7868,8066,7981,140,55,49498,1975400070,135526
1551,pp1801,20170707,8066,7981,8038,8180,8023,8178,8109,197,128,62926,2551438350,133728
1552,pp1801,20170710,8178,8109,8170,8210,8055,8073,8136,-36,27,53242,2165945270,129694
1553,pp1801,20170711,8073,8136,8130,8200,8070,8131,8137,-5,1,48812,1986000860,125816
1554,pp1801,20170712,8131,8137,8233,8245,8090,8113,8171,-24,34,48084,1964597070,127996
1555,pp1801,20170713,8113,8171,8100,8147,8003,8068,8075,-103,-96,52866,2134465820,132832
1556,pp1801,20170714,8068,8075,8078,8155,8058,8105,8104,30,29,35376,1433523900,136846
1557,pp1801,20170717,8105,8104,8140,8281,8127,8144,8209,40,105,64276,2638482540,161782
1558,pp1801,20170718,8144,8209,8167,8250,8147,8180,8197,-29,-12,57630,2362088380,160966
1559,pp1801,20170719,8180,8197,8186,8280,8182,8266,8235,69,38,37592,1547889490,168918
1560,pp1801,20170720,8266,8235,8313,8646,8304,8570,8512,335,277,158994,6766789560,197494
1561,pp1801,20170721,8570,8512,8492,8626,8441,8600,8515,88,3,95312,4058177380,196380
1562,pp1801,20170724,8600,8515,8537,8624,8503,8561,8570,46,55,72200,3094074730,207682
1563,pp1801,20170725,8561,8570,8611,8654,8554,8625,8610,55,40,70568,3038227290,206632
1564,pp1801,20170726,8625,8610,8720,8749,8516,8546,8622,-64,12,107478,4633896600,238086
1565,pp1801,20170727,8546,8622,8580,8584,8456,8507,8511,-115,-111,70082,2982574200,234814
1566,pp1801,20170728,8507,8511,8510,8531,8327,8332,8419,-179,-92,99338,4181845620,237170
1567,pp1801,20170731,8332,8419,8397,8430,8282,8414,8368,-5,-51,144140,6031018400,249106
1568,pp1801,20170801,8414,8368,8454,8603,8380,8508,8512,140,144,163856,6974069440,270504
1569,pp1801,20170802,8508,8512,8480,8618,8467,8563,8552,51,40,148098,6332697820,286108
1570,pp1801,20170803,8563,8552,8598,8618,8427,8434,8508,-118,-44,163870,6971638550,300402
1571,pp1801,20170804,8434,8508,8500,8685,8470,8600,8597,92,89,189962,8166197140,310130
1572,pp1801,20170807,8600,8597,8696,8745,8488,8524,8565,-73,-32,229768,9840169420,327332
1573,pp1801,20170808,8524,8565,8560,8751,8549,8730,8656,165,91,320552,13874973680,379360
1574,pp1801,20170809,8730,8656,8800,8870,8700,8779,8786,123,130,401342,17632600770,431464
1575,pp1801,20170810,8779,8786,8780,8888,8733,8825,8805,39,19,363726,16014766060,456302
1576,pp1801,20170811,8825,8805,8756,8828,8615,8714,8719,-91,-86,454656,19822536000,417050
1577,pp1801,20170814,8714,8719,8726,8755,8656,8677,8705,-42,-14,289238,12589714820,401498
1578,pp1801,20170815,8677,8705,8606,8636,8500,8541,8548,-164,-157,438640,18749275230,399640
1579,pp1801,20170816,8541,8548,8540,8580,8450,8540,8538,-8,-10,273590,11680566420,386216
1580,pp1801,20170817,8540,8538,8636,8823,8630,8810,8760,272,222,450204,19720377380,425452
1581,pp1801,20170818,8810,8760,8788,8854,8767,8837,8816,77,56,278104,12259057090,425042
1582,pp1801,20170821,8837,8816,8900,8990,8878,8957,8941,141,125,327270,14630943360,457194
1583,pp1801,20170822,8957,8941,8942,9153,8838,9134,8993,193,52,535006,24058326150,482592
1584,pp1801,20170823,9134,8993,9084,9140,9027,9091,9083,98,90,365466,16597813870,481728
1585,pp1801,20170824,9091,9083,9130,9228,9071,9085,9135,2,52,341234,15586520410,470322
1586,pp1801,20170825,9085,9135,9115,9246,9096,9155,9199,20,64,343064,15779896730,481224
1587,pp1801,20170828,9155,9199,9100,9140,8952,9124,9065,-75,-134,311818,14134205180,458768
1588,pp1801,20170829,9124,9065,9135,9293,9106,9287,9216,222,151,484036,22305517810,515518
1589,pp1801,20170830,9287,9216,9259,9307,9230,9275,9270,59,54,283882,13158431780,500388
1590,pp1801,20170831,9275,9270,9230,9396,9220,9358,9318,88,48,362964,16911061580,542744
1591,pp1801,20170901,9358,9318,9400,9584,9367,9565,9477,247,159,442472,20966851740,547880
1592,pp1801,20170904,9565,9477,9788,9813,9591,9611,9681,134,204,415262,20102680290,522552
1593,pp1801,20170905,9611,9681,9595,9676,9501,9610,9584,-71,-97,362682,17380579150,500056
1594,pp1801,20170906,9610,9584,9500,9584,9423,9427,9513,-157,-71,431538,20527271680,486962
1595,pp1801,20170907,9427,9513,9458,9494,9271,9310,9380,-203,-133,426186,19989893560,472428
1596,pp1801,20170908,9310,9380,9330,9376,9200,9243,9293,-137,-87,364954,16957674520,453258
1597,pp1801,20170911,9243,9293,9100,9204,9100,9166,9163,-127,-130,318842,14609207850,428802
1598,pp1801,20170912,9166,9163,9288,9402,9196,9380,9307,217,144,472890,22007262380,445668
1599,pp1801,20170913,9380,9307,9407,9427,9058,9081,9209,-226,-98,531066,24455102190,435098
1600,pp1801,20170914,9081,9209,9101,9145,8900,8906,9032,-303,-177,444756,20086992710,431630
1601,pp1801,20170915,8906,9032,8905,8953,8818,8885,8888,-147,-144,406666,18072330920,430878
1602,pp1801,20170918,8885,8888,8880,8960,8730,8913,8865,25,-23,492438,21827796460,411166
1603,pp1801,20170919,8913,8865,8935,8976,8755,8757,8860,-108,-5,410164,18170412740,425674
1604,pp1801,20170920,8757,8860,8804,8885,8745,8848,8803,-12,-57,460256,20258188570,426934
1605,pp1801,20170921,8848,8803,8830,8836,8600,8610,8672,-193,-131,470834,20416705760,429442
1606,pp1801,20170922,8610,8672,8610,8706,8530,8662,8633,-10,-39,381666,16476085260,396058
1607,pp1801,20170925,8662,8633,8660,8810,8550,8783,8692,150,59,555076,24125815700,412058
1608,pp1801,20170926,8783,8692,8810,8863,8746,8843,8818,151,126,415396,18315209220,384158
1609,pp1801,20170927,8843,8818,8866,8922,8845,8903,8881,85,63,334774,14866854760,383034
1610,pp1801,20170928,8903,8881,8795,8800,8496,8661,8650,-220,-231,642302,27780478740,372194
1611,pp1801,20170929,8661,8650,8726,8858,8675,8858,8756,208,106,329084,14407610530,350240
1612,pp1801,20171009,8858,8756,8894,8999,8688,8784,8846,28,90,493860,21845059660,380480
1613,pp1801,20171010,8784,8846,8726,8910,8708,8732,8799,-114,-47,513118,22576489670,380578
1614,pp1801,20171011,8732,8799,8770,8780,8630,8662,8707,-137,-92,455062,19812796730,396628
1615,pp1801,20171012,8662,8707,8680,8732,8563,8691,8634,-16,-73,564374,24364729140,406204
1616,pp1801,20171013,8691,8634,8728,8960,8712,8958,8838,324,204,563468,24900708050,406306
1617,pp1801,20171016,8958,8838,9000,9122,8910,9110,9007,272,169,640360,28840857150,439822
1618,pp1801,20171017,9110,9007,9002,9176,8971,9106,9085,99,78,701292,31857972680,471118
1619,pp1801,20171018,9106,9085,9119,9194,9050,9105,9124,20,39,481342,21960982800,467170
1620,pp1801,20171019,9105,9124,8990,9030,8795,8854,8892,-270,-232,726994,32323187950,453288
1621,pp1801,20171020,8854,8892,8890,9140,8842,9140,8990,248,98,606714,27274209810,444410
1622,pp1801,20171023,9140,8990,9080,9155,9026,9068,9089,78,99,494648,22479838820,458502
1623,pp1801,20171024,9068,9089,9098,9160,8989,9057,9085,-32,-4,542638,24651462110,445070
1624,pp1801,20171025,9057,9085,9097,9168,8960,9005,9063,-80,-22,612254,27747070450,446442
1625,pp1801,20171026,9005,9063,9000,9061,8856,8859,8951,-204,-112,564134,25248180390,421860
1626,pp1801,20171027,8859,8951,8888,8918,8731,8764,8828,-187,-123,570604,25188926170,437836
1627,pp1801,20171030,8764,8828,8790,8824,8750,8765,8783,-63,-45,360292,15822571960,412588
1628,pp1801,20171031,8765,8783,8780,8780,8625,8678,8684,-105,-99,436256,18943292840,416642
1629,pp1801,20171101,8678,8684,8660,8890,8652,8677,8730,-7,46,457284,19962447980,424968
1630,pp1801,20171102,8677,8730,8790,8830,8695,8815,8765,85,35,543936,23838910670,406710
1631,pp1801,20171103,8815,8765,8838,8971,8804,8960,8908,195,143,565870,25204415400,407296
1632,pp1801,20171106,8960,8908,9050,9112,9000,9105,9067,197,159,413498,18747606580,374102
1633,pp1801,20171107,9105,9067,9133,9188,9070,9156,9122,89,55,392528,17904955610,406336
1634,pp1801,20171108,9156,9122,9108,9250,9085,9191,9187,69,65,525508,24139390400,412532
1635,pp1801,20171109,9191,9187,9236,9346,9125,9206,9237,19,50,510450,23575426770,411994
1636,pp1801,20171110,9206,9237,9230,9258,9038,9077,9132,-160,-105,475216,21699604260,402410
1637,pp1801,20171113,9077,9132,9061,9200,9027,9181,9130,49,-2,459500,20977398080,412104
1638,pp1801,20171114,9181,9130,9200,9220,9045,9097,9110,-33,-20,416250,18961675750,384012
1639,pp1801,20171115,9097,9110,8900,8979,8795,8921,8909,-189,-201,507818,22621007900,353400
1640,pp1801,20171116,8921,8909,8922,8970,8844,8873,8891,-36,-18,406500,18072173210,337464
1641,pp1801,20171117,8873,8891,8864,9078,8830,9060,8968,169,77,527044,23632954470,358478
1642,pp1801,20171120,9060,8968,9086,9166,8995,9155,9081,187,113,408884,18565393100,360206
1643,pp1801,20171121,9155,9081,9181,9226,9146,9191,9186,110,105,323314,14849842260,362190
1644,pp1801,20171122,9191,9186,9240,9265,9097,9218,9170,32,-16,370478,16987200090,360890
1645,pp1801,20171123,9218,9170,9233,9310,9125,9143,9219,-27,49,375072,17289280730,337648
1646,pp1801,20171124,9143,9219,9163,9251,9150,9190,9198,-29,-21,276732,12727346020,342214
1647,pp1801,20171127,9190,9198,9227,9338,8904,8910,9154,-288,-44,578808,26494283670,302536
1648,pp1801,20171128,8910,9154,8910,8944,8855,8855,8903,-299,-251,292702,13029880700,272930
1649,pp1801,20171129,8855,8903,8848,8957,8836,8893,8901,-10,-2,272086,12110116770,257364
1650,pp1801,20171130,8893,8901,8950,8989,8782,8865,8871,-36,-30,403816,17912069770,226474
1651,pp1801,20171201,8865,8871,8900,9114,8855,9030,9030,159,159,378072,17070602930,195814
1652,pp1801,20171204,9030,9030,9170,9210,9004,9209,9130,179,100,259766,11858853700,153740
1653,pp1801,20171205,9209,9130,9182,9240,9112,9136,9186,6,56,140350,6446889540,135480
1654,pp1801,20171206,9136,9186,9115,9180,9043,9136,9139,-50,-47,80252,3667371550,112956
1655,pp1801,20171207,9136,9139,9025,9089,8874,8894,8968,-245,-171,104488,4685536080,91704
1656,pp1801,20171208,8894,8968,8925,9065,8894,9031,8981,63,13,52378,2352209830,81388
1657,pp1801,20171211,9031,8981,9055,9148,9020,9086,9095,105,114,55408,2519909450,71998
1658,pp1801,20171212,9086,9095,9111,9160,9074,9143,9129,48,34,36314,1657605420,65534
1659,pp1801,20171213,9143,9129,9139,9149,9015,9086,9069,-43,-60,33892,1536865360,59396
1660,pp1801,20171214,9086,9069,9098,9145,9000,9025,9069,-44,0,29974,1359256250,55336
1661,pp1801,20171215,9025,9069,9014,9053,8907,8974,8983,-95,-86,22748,1021770250,49664
1662,pp1801,20171218,8974,8983,9050,9090,8980,9043,9035,60,52,22796,1029882270,45238
1663,pp1801,20171219,9043,9035,9043,9163,9010,9120,9084,85,49,20792,944414830,39908
1664,pp1801,20171220,9120,9084,9100,9170,9070,9110,9111,26,27,16518,752508280,36202
1665,pp1801,20171221,9110,9111,9081,9147,9024,9070,9092,-41,-19,12136,551756300,33900
1666,pp1801,20171222,9070,9092,9089,9115,9020,9075,9053,-17,-39,10820,489787210,31116
1667,pp1801,20171225,9075,9053,9091,9103,8951,8985,9045,-68,-8,10462,473181000,27288
1668,pp1801,20171226,8985,9045,9024,9139,8959,9134,9048,89,3,11274,510046010,23974
1669,pp1801,20171227,9134,9048,9151,9154,9046,9050,9102,2,54,6148,279819450,20408
1670,pp1801,20171228,9050,9102,9074,9119,9050,9117,9091,15,-11,4210,191378710,17388
1671,pp1801,20171229,9117,9091,9135,9169,9062,9136,9126,45,35,5516,251695930,13954
1672,pp1802,20170217,9258,9258,0,0,0,9132,9132,-126,-126,0,0,0
1673,pp1802,20170220,9132,9132,0,0,0,9081,9081,-51,-51,0,0,0
1674,pp1802,20170221,9081,9081,0,0,0,8996,8996,-85,-85,0,0,0
1675,pp1802,20170222,8996,8996,0,0,0,8996,8996,0,0,0,0,0
1676,pp1802,20170223,8996,8996,8908,8908,8623,8879,8763,-117,-233,32,1402210,2
1677,pp1802,20170224,8879,8763,0,0,0,8763,8763,0,0,0,0,2
1678,pp1802,20170227,8763,8763,0,0,0,8864,8864,101,101,0,0,2
1679,pp1802,20170228,8864,8864,0,0,0,8763,8763,-101,-101,0,0,2
1680,pp1802,20170301,8763,8763,0,0,0,8763,8763,0,0,0,0,2
1681,pp1802,20170302,8763,8763,0,0,0,8763,8763,0,0,0,0,2
1682,pp1802,20170303,8763,8763,0,0,0,8763,8763,0,0,0,0,2
1683,pp1802,20170306,8763,8763,0,0,0,8763,8763,0,0,0,0,2
1684,pp1802,20170307,8763,8763,0,0,0,8763,8763,0,0,0,0,2
1685,pp1802,20170308,8763,8763,0,0,0,8543,8543,-220,-220,0,0,2
1686,pp1802,20170309,8543,8543,0,0,0,8543,8543,0,0,0,0,2
1687,pp1802,20170310,8543,8543,0,0,0,8494,8494,-49,-49,0,0,2
1688,pp1802,20170313,8494,8494,0,0,0,8494,8494,0,0,0,0,2
1689,pp1802,20170314,8494,8494,0,0,0,8638,8638,144,144,0,0,2
1690,pp1802,20170315,8638,8638,0,0,0,8708,8708,70,70,0,0,2
1691,pp1802,20170316,8708,8708,0,0,0,8723,8723,15,15,0,0,2
1692,pp1802,20170317,8723,8723,0,0,0,8790,8790,67,67,0,0,2
1693,pp1802,20170320,8790,8790,0,0,0,8697,8697,-93,-93,0,0,2
1694,pp1802,20170321,8697,8697,0,0,0,8750,8750,53,53,0,0,2
1695,pp1802,20170322,8750,8750,0,0,0,8531,8531,-219,-219,0,0,2
1696,pp1802,20170323,8531,8531,0,0,0,8501,8501,-30,-30,0,0,2
1697,pp1802,20170324,8501,8501,0,0,0,8386,8386,-115,-115,0,0,2
1698,pp1802,20170327,8386,8386,0,0,0,8166,8166,-220,-220,0,0,2
1699,pp1802,20170328,8166,8166,0,0,0,8205,8205,39,39,0,0,2
1700,pp1802,20170329,8205,8205,0,0,0,8355,8355,150,150,0,0,2
1701,pp1802,20170330,8355,8355,0,0,0,8438,8438,83,83,0,0,2
1702,pp1802,20170331,8438,8438,0,0,0,8441,8441,3,3,0,0,2
1703,pp1802,20170405,8441,8441,0,0,0,8437,8437,-4,-4,0,0,2
1704,pp1802,20170406,8437,8437,0,0,0,8437,8437,0,0,0,0,2
1705,pp1802,20170407,8437,8437,0,0,0,8461,8461,24,24,0,0,2
1706,pp1802,20170410,8461,8461,0,0,0,8314,8314,-147,-147,0,0,2
1707,pp1802,20170411,8314,8314,0,0,0,8158,8158,-156,-156,0,0,2
1708,pp1802,20170412,8158,8158,0,0,0,8069,8069,-89,-89,0,0,2
1709,pp1802,20170413,8069,8069,0,0,0,8032,8032,-37,-37,0,0,2
1710,pp1802,20170414,8032,8032,0,0,0,7840,7840,-192,-192,0,0,2
1711,pp1802,20170417,7840,7840,0,0,0,7764,7764,-76,-76,0,0,2
1712,pp1802,20170418,7764,7764,0,0,0,7764,7764,0,0,0,0,2
1713,pp1802,20170419,7764,7764,0,0,0,7764,7764,0,0,0,0,2
1714,pp1802,20170420,7764,7764,0,0,0,7764,7764,0,0,0,0,2
1715,pp1802,20170421,7764,7764,0,0,0,7764,7764,0,0,0,0,2
1716,pp1802,20170424,7764,7764,0,0,0,7579,7579,-185,-185,0,0,2
1717,pp1802,20170425,7579,7579,0,0,0,7579,7579,0,0,0,0,2
1718,pp1802,20170426,7579,7579,0,0,0,7668,7668,89,89,0,0,2
1719,pp1802,20170427,7668,7668,7872,8043,7295,7295,7783,-373,115,40,1556780,12
1720,pp1802,20170428,7295,7783,0,0,0,7783,7783,0,0,0,0,12
1721,pp1802,20170502,7783,7783,7792,7792,7792,7792,7792,9,9,2,77920,10
1722,pp1802,20170503,7792,7792,0,0,0,7792,7792,0,0,0,0,10
1723,pp1802,20170504,7792,7792,0,0,0,7569,7569,-223,-223,0,0,10
1724,pp1802,20170505,7569,7569,0,0,0,7569,7569,0,0,0,0,10
1725,pp1802,20170508,7569,7569,0,0,0,7569,7569,0,0,0,0,10
1726,pp1802,20170509,7569,7569,0,0,0,7569,7569,0,0,0,0,10
1727,pp1802,20170510,7569,7569,0,0,0,7569,7569,0,0,0,0,10
1728,pp1802,20170511,7569,7569,0,0,0,7569,7569,0,0,0,0,10
1729,pp1802,20170512,7569,7569,0,0,0,7569,7569,0,0,0,0,10
1730,pp1802,20170515,7569,7569,0,0,0,7569,7569,0,0,0,0,10
1731,pp1802,20170516,7569,7569,0,0,0,7650,7650,81,81,0,0,10
1732,pp1802,20170517,7650,7650,0,0,0,7682,7682,32,32,0,0,10
1733,pp1802,20170518,7682,7682,0,0,0,7682,7682,0,0,0,0,10
1734,pp1802,20170519,7682,7682,0,0,0,7904,7904,222,222,0,0,10
1735,pp1802,20170522,7904,7904,8188,8188,8188,8188,8188,284,284,2,81880,10
1736,pp1802,20170523,8188,8188,8188,8188,8188,8188,8188,0,0,2,81880,8
1737,pp1802,20170524,8188,8188,0,0,0,8095,8095,-93,-93,0,0,8
1738,pp1802,20170525,8095,8095,8195,8195,8195,8195,8195,100,100,2,81950,10
1739,pp1802,20170526,8195,8195,0,0,0,8102,8102,-93,-93,0,0,10
1740,pp1802,20170531,8102,8102,0,0,0,8067,8067,-35,-35,0,0,10
1741,pp1802,20170601,8067,8067,8055,8055,8055,8055,8055,-12,-12,8,322200,18
1742,pp1802,20170602,8055,8055,7706,7706,7706,7706,7706,-349,-349,8,308240,10
1743,pp1802,20170605,7706,7706,0,0,0,7706,7706,0,0,0,0,10
1744,pp1802,20170606,7706,7706,0,0,0,7706,7706,0,0,0,0,10
1745,pp1802,20170607,7706,7706,0,0,0,7706,7706,0,0,0,0,10
1746,pp1802,20170608,7706,7706,0,0,0,7675,7675,-31,-31,0,0,10
1747,pp1802,20170609,7675,7675,0,0,0,7729,7729,54,54,0,0,10
1748,pp1802,20170612,7729,7729,7998,7998,7998,7998,7998,269,269,4,159960,14
1749,pp1802,20170613,7998,7998,0,0,0,7934,7934,-64,-64,0,0,14
1750,pp1802,20170614,7934,7934,0,0,0,7934,7934,0,0,0,0,14
1751,pp1802,20170615,7934,7934,0,0,0,7889,7889,-45,-45,0,0,14
1752,pp1802,20170616,7889,7889,0,0,0,7920,7920,31,31,0,0,14
1753,pp1802,20170619,7920,7920,0,0,0,7920,7920,0,0,0,0,14
1754,pp1802,20170620,7920,7920,0,0,0,7854,7854,-66,-66,0,0,14
1755,pp1802,20170621,7854,7854,0,0,0,7825,7825,-29,-29,0,0,14
1756,pp1802,20170622,7825,7825,0,0,0,7789,7789,-36,-36,0,0,14
1757,pp1802,20170623,7789,7789,0,0,0,7777,7777,-12,-12,0,0,14
1758,pp1802,20170626,7777,7777,0,0,0,7777,7777,0,0,0,0,14
1759,pp1802,20170627,7777,7777,0,0,0,7777,7777,0,0,0,0,14
1760,pp1802,20170628,7777,7777,0,0,0,7777,7777,0,0,0,0,14
1761,pp1802,20170629,7777,7777,0,0,0,7777,7777,0,0,0,0,14
1762,pp1802,20170630,7777,7777,0,0,0,7818,7818,41,41,0,0,14
1763,pp1802,20170703,7818,7818,8015,8015,8008,8008,8011,190,193,4,160230,12
1764,pp1802,20170704,8008,8011,0,0,0,7912,7912,-99,-99,0,0,12
1765,pp1802,20170705,7912,7912,0,0,0,7912,7912,0,0,0,0,12
1766,pp1802,20170706,7912,7912,8050,8050,8050,8050,8050,138,138,2,80500,10
1767,pp1802,20170707,8050,8050,8200,8200,8200,8200,8200,150,150,4,164000,12
1768,pp1802,20170710,8200,8200,0,0,0,8200,8200,0,0,0,0,12
1769,pp1802,20170711,8200,8200,0,0,0,8200,8200,0,0,0,0,12
1770,pp1802,20170712,8200,8200,0,0,0,8200,8200,0,0,0,0,12
1771,pp1802,20170713,8200,8200,0,0,0,8200,8200,0,0,0,0,12
1772,pp1802,20170714,8200,8200,0,0,0,8200,8200,0,0,0,0,12
1773,pp1802,20170717,8200,8200,0,0,0,8200,8200,0,0,0,0,12
1774,pp1802,20170718,8200,8200,0,0,0,8200,8200,0,0,0,0,12
1775,pp1802,20170719,8200,8200,0,0,0,8200,8200,0,0,0,0,12
1776,pp1802,20170720,8200,8200,8500,8532,8500,8522,8518,322,318,6,255540,12
1777,pp1802,20170721,8522,8518,8593,8593,8489,8489,8541,-29,23,4,170820,12
1778,pp1802,20170724,8489,8541,0,0,0,8541,8541,0,0,0,0,12
1779,pp1802,20170725,8541,8541,0,0,0,8541,8541,0,0,0,0,12
1780,pp1802,20170726,8541,8541,0,0,0,8541,8541,0,0,0,0,12
1781,pp1802,20170727,8541,8541,0,0,0,8541,8541,0,0,0,0,12
1782,pp1802,20170728,8541,8541,8292,8477,8217,8402,8373,-139,-168,10,418650,10
1783,pp1802,20170731,8402,8373,0,0,0,8373,8373,0,0,0,0,10
1784,pp1802,20170801,8373,8373,0,0,0,8517,8517,144,144,0,0,10
1785,pp1802,20170802,8517,8517,8706,8707,8637,8637,8692,120,175,44,1912360,44
1786,pp1802,20170803,8637,8692,0,0,0,8594,8594,-98,-98,0,0,44
1787,pp1802,20170804,8594,8594,8557,8669,8461,8669,8542,75,-52,48,2050150,12
1788,pp1802,20170807,8669,8542,8680,8680,8472,8472,8576,-70,34,4,171520,14
1789,pp1802,20170808,8472,8576,0,0,0,8667,8667,91,91,0,0,14
1790,pp1802,20170809,8667,8667,0,0,0,8797,8797,130,130,0,0,14
1791,pp1802,20170810,8797,8797,0,0,0,8797,8797,0,0,0,0,14
1792,pp1802,20170811,8797,8797,0,0,0,8797,8797,0,0,0,0,14
1793,pp1802,20170814,8797,8797,0,0,0,8797,8797,0,0,0,0,14
1794,pp1802,20170815,8797,8797,8533,8618,8533,8618,8575,-179,-222,4,171510,12
1795,pp1802,20170816,8618,8575,0,0,0,8575,8575,0,0,0,0,12
1796,pp1802,20170817,8575,8575,0,0,0,8575,8575,0,0,0,0,12
1797,pp1802,20170818,8575,8575,0,0,0,8575,8575,0,0,0,0,12
1798,pp1802,20170821,8575,8575,0,0,0,8696,8696,121,121,0,0,12
1799,pp1802,20170822,8696,8696,0,0,0,8746,8746,50,50,0,0,12
1800,pp1802,20170823,8746,8746,0,0,0,8833,8833,87,87,0,0,12
1801,pp1802,20170824,8833,8833,0,0,0,8883,8883,50,50,0,0,12
1802,pp1802,20170825,8883,8883,0,0,0,8945,8945,62,62,0,0,12
1803,pp1802,20170828,8945,8945,9322,9322,8872,9052,9082,107,137,6,272460,12
1804,pp1802,20170829,9052,9082,0,0,0,9233,9233,151,151,0,0,12
1805,pp1802,20170830,9233,9233,0,0,0,9233,9233,0,0,0,0,12
1806,pp1802,20170831,9233,9233,0,0,0,9280,9280,47,47,0,0,12
1807,pp1802,20170901,9280,9280,0,0,0,9280,9280,0,0,0,0,12
1808,pp1802,20170904,9280,9280,0,0,0,9479,9479,199,199,0,0,12
1809,pp1802,20170905,9479,9479,0,0,0,9479,9479,0,0,0,0,12
1810,pp1802,20170906,9479,9479,0,0,0,9479,9479,0,0,0,0,12
1811,pp1802,20170907,9479,9479,0,0,0,9479,9479,0,0,0,0,12
1812,pp1802,20170908,9479,9479,0,0,0,9479,9479,0,0,0,0,12
1813,pp1802,20170911,9479,9479,0,0,0,9347,9347,-132,-132,0,0,12
1814,pp1802,20170912,9347,9347,0,0,0,9347,9347,0,0,0,0,12
1815,pp1802,20170913,9347,9347,0,0,0,9249,9249,-98,-98,0,0,12
1816,pp1802,20170914,9249,9249,9018,9202,8892,8917,9014,-332,-235,12,540860,14
1817,pp1802,20170915,8917,9014,0,0,0,9014,9014,0,0,0,0,14
1818,pp1802,20170918,9014,9014,8914,8914,8914,8914,8914,-100,-100,2,89140,14
1819,pp1802,20170919,8914,8914,8875,8875,8875,8875,8875,-39,-39,2,88750,14
1820,pp1802,20170920,8875,8875,8875,8875,8830,8830,8852,-45,-23,4,177050,14
1821,pp1802,20170921,8830,8852,0,0,0,8852,8852,0,0,0,0,14
1822,pp1802,20170922,8852,8852,0,0,0,8813,8813,-39,-39,0,0,14
1823,pp1802,20170925,8813,8813,0,0,0,8813,8813,0,0,0,0,14
1824,pp1802,20170926,8813,8813,0,0,0,8813,8813,0,0,0,0,14
1825,pp1802,20170927,8813,8813,0,0,0,8813,8813,0,0,0,0,14
1826,pp1802,20170928,8813,8813,0,0,0,8813,8813,0,0,0,0,14
1827,pp1802,20170929,8813,8813,0,0,0,8920,8920,107,107,0,0,14
1828,pp1802,20171009,8920,8920,0,0,0,9011,9011,91,91,0,0,14
1829,pp1802,20171010,9011,9011,0,0,0,8964,8964,-47,-47,0,0,14
1830,pp1802,20171011,8964,8964,0,0,0,8871,8871,-93,-93,0,0,14
1831,pp1802,20171012,8871,8871,8692,8692,8692,8692,8692,-179,-179,2,86920,14
1832,pp1802,20171013,8692,8692,0,0,0,8897,8897,205,205,0,0,14
1833,pp1802,20171016,8897,8897,0,0,0,9067,9067,170,170,0,0,14
1834,pp1802,20171017,9067,9067,0,0,0,9067,9067,0,0,0,0,14
1835,pp1802,20171018,9067,9067,0,0,0,9094,9094,27,27,0,0,14
1836,pp1802,20171019,9094,9094,0,0,0,8863,8863,-231,-231,0,0,14
1837,pp1802,20171020,8863,8863,9303,9303,8981,9075,9122,212,259,8,364910,16
1838,pp1802,20171023,9075,9122,9050,9179,9050,9179,9114,57,-8,4,182290,16
1839,pp1802,20171024,9179,9114,0,0,0,9114,9114,0,0,0,0,16
1840,pp1802,20171025,9114,9114,0,0,0,9114,9114,0,0,0,0,16
1841,pp1802,20171026,9114,9114,9058,9058,9058,9058,9058,-56,-56,2,90580,18
1842,pp1802,20171027,9058,9058,8806,8806,8797,8797,8801,-261,-257,4,176030,16
1843,pp1802,20171030,8797,8801,0,0,0,8801,8801,0,0,0,0,16
1844,pp1802,20171031,8801,8801,0,0,0,8801,8801,0,0,0,0,16
1845,pp1802,20171101,8801,8801,0,0,0,8801,8801,0,0,0,0,16
1846,pp1802,20171102,8801,8801,0,0,0,8801,8801,0,0,0,0,16
1847,pp1802,20171103,8801,8801,0,0,0,8801,8801,0,0,0,0,16
1848,pp1802,20171106,8801,8801,0,0,0,8958,8958,157,157,0,0,16
1849,pp1802,20171107,8958,8958,0,0,0,9012,9012,54,54,0,0,16
1850,pp1802,20171108,9012,9012,0,0,0,9076,9076,64,64,0,0,16
1851,pp1802,20171109,9076,9076,0,0,0,9076,9076,0,0,0,0,16
1852,pp1802,20171110,9076,9076,0,0,0,9076,9076,0,0,0,0,16
1853,pp1802,20171113,9076,9076,0,0,0,9076,9076,0,0,0,0,16
1854,pp1802,20171114,9076,9076,0,0,0,9076,9076,0,0,0,0,16
1855,pp1802,20171115,9076,9076,0,0,0,9076,9076,0,0,0,0,16
1856,pp1802,20171116,9076,9076,0,0,0,9076,9076,0,0,0,0,16
1857,pp1802,20171117,9076,9076,0,0,0,9076,9076,0,0,0,0,16
1858,pp1802,20171120,9076,9076,0,0,0,9076,9076,0,0,0,0,16
1859,pp1802,20171121,9076,9076,0,0,0,9076,9076,0,0,0,0,16
1860,pp1802,20171122,9076,9076,0,0,0,9076,9076,0,0,0,0,16
1861,pp1802,20171123,9076,9076,9093,9290,9093,9290,9191,214,115,8,367660,18
1862,pp1802,20171124,9290,9191,0,0,0,9191,9191,0,0,0,0,18
1863,pp1802,20171127,9191,9191,0,0,0,9148,9148,-43,-43,0,0,18
1864,pp1802,20171128,9148,9148,0,0,0,8898,8898,-250,-250,0,0,18
1865,pp1802,20171129,8898,8898,8892,8929,8892,8929,8901,31,3,8,356050,24
1866,pp1802,20171130,8929,8901,8984,8984,8790,8807,8834,-94,-67,22,971820,20
1867,pp1802,20171201,8807,8834,8911,9001,8874,9001,8897,167,63,14,622850,18
1868,pp1802,20171204,9001,8897,0,0,0,8995,8995,98,98,0,0,18
1869,pp1802,20171205,8995,8995,0,0,0,8995,8995,0,0,0,0,18
1870,pp1802,20171206,8995,8995,9246,9246,9246,9246,9246,251,251,4,184920,14
1871,pp1802,20171207,9246,9246,0,0,0,9073,9073,-173,-173,0,0,14
1872,pp1802,20171208,9073,9073,0,0,0,9086,9086,13,13,0,0,14
1873,pp1802,20171211,9086,9086,9150,9150,9150,9150,9150,64,64,6,274500,8
1874,pp1802,20171212,9150,9150,0,0,0,9184,9184,34,34,0,0,8
1875,pp1802,20171213,9184,9184,0,0,0,9124,9124,-60,-60,0,0,8
1876,pp1802,20171214,9124,9124,0,0,0,9124,9124,0,0,0,0,8
1877,pp1802,20171215,9124,9124,0,0,0,9038,9038,-86,-86,0,0,8
1878,pp1802,20171218,9038,9038,0,0,0,9090,9090,52,52,0,0,8
1879,pp1802,20171219,9090,9090,0,0,0,9139,9139,49,49,0,0,8
1880,pp1802,20171220,9139,9139,0,0,0,9166,9166,27,27,0,0,8
1881,pp1802,20171221,9166,9166,0,0,0,9147,9147,-19,-19,0,0,8
1882,pp1802,20171222,9147,9147,0,0,0,9108,9108,-39,-39,0,0,8
1883,pp1802,20171225,9108,9108,0,0,0,9100,9100,-8,-8,0,0,8
1884,pp1802,20171226,9100,9100,0,0,0,9103,9103,3,3,0,0,8
1885,pp1802,20171227,9103,9103,0,0,0,9157,9157,54,54,0,0,8
1886,pp1802,20171228,9157,9157,0,0,0,9146,9146,-11,-11,0,0,8
1887,pp1802,20171229,9146,9146,0,0,0,9181,9181,35,35,0,0,8
1888,pp1803,20170315,8638,8638,0,0,0,8638,8638,0,0,0,0,0
1889,pp1803,20170316,8638,8638,0,0,0,8653,8653,15,15,0,0,0
1890,pp1803,20170317,8653,8653,0,0,0,8653,8653,0,0,0,0,0
1891,pp1803,20170320,8653,8653,0,0,0,8653,8653,0,0,0,0,0
1892,pp1803,20170321,8653,8653,0,0,0,8653,8653,0,0,0,0,0
1893,pp1803,20170322,8653,8653,0,0,0,8436,8436,-217,-217,0,0,0
1894,pp1803,20170323,8436,8436,0,0,0,8406,8406,-30,-30,0,0,0
1895,pp1803,20170324,8406,8406,0,0,0,8293,8293,-113,-113,0,0,0
1896,pp1803,20170327,8293,8293,8100,8100,8100,8100,8100,-193,-193,2,81000,2
1897,pp1803,20170328,8100,8100,0,0,0,8138,8138,38,38,0,0,2
1898,pp1803,20170329,8138,8138,0,0,0,8286,8286,148,148,0,0,2
1899,pp1803,20170330,8286,8286,0,0,0,8368,8368,82,82,0,0,2
1900,pp1803,20170331,8368,8368,0,0,0,8371,8371,3,3,0,0,2
1901,pp1803,20170405,8371,8371,0,0,0,8371,8371,0,0,0,0,2
1902,pp1803,20170406,8371,8371,0,0,0,8460,8460,89,89,0,0,2
1903,pp1803,20170407,8460,8460,0,0,0,8484,8484,24,24,0,0,2
1904,pp1803,20170410,8484,8484,0,0,0,8337,8337,-147,-147,0,0,2
1905,pp1803,20170411,8337,8337,0,0,0,8180,8180,-157,-157,0,0,2
1906,pp1803,20170412,8180,8180,0,0,0,8091,8091,-89,-89,0,0,2
1907,pp1803,20170413,8091,8091,0,0,0,8054,8054,-37,-37,0,0,2
1908,pp1803,20170414,8054,8054,0,0,0,7862,7862,-192,-192,0,0,2
1909,pp1803,20170417,7862,7862,0,0,0,7786,7786,-76,-76,0,0,2
1910,pp1803,20170418,7786,7786,0,0,0,7722,7722,-64,-64,0,0,2
1911,pp1803,20170419,7722,7722,7689,7689,7689,7689,7689,-33,-33,2,76890,2
1912,pp1803,20170420,7689,7689,0,0,0,7689,7689,0,0,0,0,2
1913,pp1803,20170421,7689,7689,0,0,0,7689,7689,0,0,0,0,2
1914,pp1803,20170424,7689,7689,0,0,0,7506,7506,-183,-183,0,0,2
1915,pp1803,20170425,7506,7506,0,0,0,7557,7557,51,51,0,0,2
1916,pp1803,20170426,7557,7557,0,0,0,7646,7646,89,89,0,0,2
1917,pp1803,20170427,7646,7646,0,0,0,7646,7646,0,0,0,0,2
1918,pp1803,20170428,7646,7646,0,0,0,7763,7763,117,117,0,0,2
1919,pp1803,20170502,7763,7763,0,0,0,7763,7763,0,0,0,0,2
1920,pp1803,20170503,7763,7763,0,0,0,7763,7763,0,0,0,0,2
1921,pp1803,20170504,7763,7763,0,0,0,7541,7541,-222,-222,0,0,2
1922,pp1803,20170505,7541,7541,0,0,0,7541,7541,0,0,0,0,2
1923,pp1803,20170508,7541,7541,0,0,0,7667,7667,126,126,0,0,2
1924,pp1803,20170509,7667,7667,0,0,0,7575,7575,-92,-92,0,0,2
1925,pp1803,20170510,7575,7575,0,0,0,7448,7448,-127,-127,0,0,2
1926,pp1803,20170511,7448,7448,0,0,0,7503,7503,55,55,0,0,2
1927,pp1803,20170512,7503,7503,0,0,0,7503,7503,0,0,0,0,2
1928,pp1803,20170515,7503,7503,0,0,0,7634,7634,131,131,0,0,2
1929,pp1803,20170516,7634,7634,0,0,0,7716,7716,82,82,0,0,2
1930,pp1803,20170517,7716,7716,0,0,0,7716,7716,0,0,0,0,2
1931,pp1803,20170518,7716,7716,0,0,0,7716,7716,0,0,0,0,2
1932,pp1803,20170519,7716,7716,0,0,0,7939,7939,223,223,0,0,2
1933,pp1803,20170522,7939,7939,0,0,0,8224,8224,285,285,0,0,2
1934,pp1803,20170523,8224,8224,0,0,0,8224,8224,0,0,0,0,2
1935,pp1803,20170524,8224,8224,0,0,0,8131,8131,-93,-93,0,0,2
1936,pp1803,20170525,8131,8131,0,0,0,8131,8131,0,0,0,0,2
1937,pp1803,20170526,8131,8131,0,0,0,8131,8131,0,0,0,0,2
1938,pp1803,20170531,8131,8131,0,0,0,8096,8096,-35,-35,0,0,2
1939,pp1803,20170601,8096,8096,0,0,0,8096,8096,0,0,0,0,2
1940,pp1803,20170602,8096,8096,0,0,0,7746,7746,-350,-350,0,0,2
1941,pp1803,20170605,7746,7746,0,0,0,7746,7746,0,0,0,0,2
1942,pp1803,20170606,7746,7746,0,0,0,7746,7746,0,0,0,0,2
1943,pp1803,20170607,7746,7746,0,0,0,7746,7746,0,0,0,0,2
1944,pp1803,20170608,7746,7746,0,0,0,7746,7746,0,0,0,0,2
1945,pp1803,20170609,7746,7746,0,0,0,7746,7746,0,0,0,0,2
1946,pp1803,20170612,7746,7746,0,0,0,8015,8015,269,269,0,0,2
1947,pp1803,20170613,8015,8015,0,0,0,7950,7950,-65,-65,0,0,2
1948,pp1803,20170614,7950,7950,0,0,0,7860,7860,-90,-90,0,0,2
1949,pp1803,20170615,7860,7860,0,0,0,7816,7816,-44,-44,0,0,2
1950,pp1803,20170616,7816,7816,0,0,0,7816,7816,0,0,0,0,2
1951,pp1803,20170619,7816,7816,0,0,0,7816,7816,0,0,0,0,2
1952,pp1803,20170620,7816,7816,0,0,0,7751,7751,-65,-65,0,0,2
1953,pp1803,20170621,7751,7751,0,0,0,7751,7751,0,0,0,0,2
1954,pp1803,20170622,7751,7751,0,0,0,7751,7751,0,0,0,0,2
1955,pp1803,20170623,7751,7751,0,0,0,7751,7751,0,0,0,0,2
1956,pp1803,20170626,7751,7751,0,0,0,7751,7751,0,0,0,0,2
1957,pp1803,20170627,7751,7751,0,0,0,7751,7751,0,0,0,0,2
1958,pp1803,20170628,7751,7751,0,0,0,7751,7751,0,0,0,0,2
1959,pp1803,20170629,7751,7751,0,0,0,7834,7834,83,83,0,0,2
1960,pp1803,20170630,7834,7834,0,0,0,7875,7875,41,41,0,0,2
1961,pp1803,20170703,7875,7875,0,0,0,8069,8069,194,194,0,0,2
1962,pp1803,20170704,8069,8069,0,0,0,7969,7969,-100,-100,0,0,2
1963,pp1803,20170705,7969,7969,0,0,0,7969,7969,0,0,0,0,2
1964,pp1803,20170706,7969,7969,0,0,0,7969,7969,0,0,0,0,2
1965,pp1803,20170707,7969,7969,0,0,0,7969,7969,0,0,0,0,2
1966,pp1803,20170710,7969,7969,0,0,0,7969,7969,0,0,0,0,2
1967,pp1803,20170711,7969,7969,0,0,0,7969,7969,0,0,0,0,2
1968,pp1803,20170712,7969,7969,0,0,0,8002,8002,33,33,0,0,2
1969,pp1803,20170713,8002,8002,0,0,0,7908,7908,-94,-94,0,0,2
1970,pp1803,20170714,7908,7908,0,0,0,7936,7936,28,28,0,0,2
1971,pp1803,20170717,7936,7936,8289,8289,8289,8289,8289,353,353,2,82890,2
1972,pp1803,20170718,8289,8289,0,0,0,8289,8289,0,0,0,0,2
1973,pp1803,20170719,8289,8289,0,0,0,8289,8289,0,0,0,0,2
1974,pp1803,20170720,8289,8289,8606,8606,8606,8606,8606,317,317,2,86060,4
1975,pp1803,20170721,8606,8606,0,0,0,8606,8606,0,0,0,0,4
1976,pp1803,20170724,8606,8606,0,0,0,8661,8661,55,55,0,0,4
1977,pp1803,20170725,8661,8661,0,0,0,8661,8661,0,0,0,0,4
1978,pp1803,20170726,8661,8661,0,0,0,8661,8661,0,0,0,0,4
1979,pp1803,20170727,8661,8661,0,0,0,8661,8661,0,0,0,0,4
1980,pp1803,20170728,8661,8661,0,0,0,8491,8491,-170,-170,0,0,4
1981,pp1803,20170731,8491,8491,0,0,0,8491,8491,0,0,0,0,4
1982,pp1803,20170801,8491,8491,0,0,0,8491,8491,0,0,0,0,4
1983,pp1803,20170802,8491,8491,0,0,0,8491,8491,0,0,0,0,4
1984,pp1803,20170803,8491,8491,0,0,0,8491,8491,0,0,0,0,4
1985,pp1803,20170804,8491,8491,0,0,0,8440,8440,-51,-51,0,0,4
1986,pp1803,20170807,8440,8440,0,0,0,8440,8440,0,0,0,0,4
1987,pp1803,20170808,8440,8440,0,0,0,8529,8529,89,89,0,0,4
1988,pp1803,20170809,8529,8529,8794,8794,8794,8794,8794,265,265,2,87940,4
1989,pp1803,20170810,8794,8794,0,0,0,8794,8794,0,0,0,0,4
1990,pp1803,20170811,8794,8794,0,0,0,8794,8794,0,0,0,0,4
1991,pp1803,20170814,8794,8794,0,0,0,8794,8794,0,0,0,0,4
1992,pp1803,20170815,8794,8794,0,0,0,8573,8573,-221,-221,0,0,4
1993,pp1803,20170816,8573,8573,0,0,0,8573,8573,0,0,0,0,4
1994,pp1803,20170817,8573,8573,0,0,0,8795,8795,222,222,0,0,4
1995,pp1803,20170818,8795,8795,0,0,0,8795,8795,0,0,0,0,4
1996,pp1803,20170821,8795,8795,0,0,0,8919,8919,124,124,0,0,4
1997,pp1803,20170822,8919,8919,0,0,0,8970,8970,51,51,0,0,4
1998,pp1803,20170823,8970,8970,0,0,0,8970,8970,0,0,0,0,4
1999,pp1803,20170824,8970,8970,0,0,0,8970,8970,0,0,0,0,4
2000,pp1803,20170825,8970,8970,0,0,0,9032,9032,62,62,0,0,4
2001,pp1803,20170828,9032,9032,0,0,0,9032,9032,0,0,0,0,4
2002,pp1803,20170829,9032,9032,0,0,0,9182,9182,150,150,0,0,4
2003,pp1803,20170830,9182,9182,0,0,0,9182,9182,0,0,0,0,4
2004,pp1803,20170831,9182,9182,0,0,0,9229,9229,47,47,0,0,4
2005,pp1803,20170901,9229,9229,0,0,0,9386,9386,157,157,0,0,4
2006,pp1803,20170904,9386,9386,0,0,0,9588,9588,202,202,0,0,4
2007,pp1803,20170905,9588,9588,0,0,0,9492,9492,-96,-96,0,0,4
2008,pp1803,20170906,9492,9492,0,0,0,9422,9422,-70,-70,0,0,4
2009,pp1803,20170907,9422,9422,0,0,0,9422,9422,0,0,0,0,4
2010,pp1803,20170908,9422,9422,0,0,0,9422,9422,0,0,0,0,4
2011,pp1803,20170911,9422,9422,0,0,0,9422,9422,0,0,0,0,4
2012,pp1803,20170912,9422,9422,0,0,0,9422,9422,0,0,0,0,4
2013,pp1803,20170913,9422,9422,0,0,0,9323,9323,-99,-99,0,0,4
2014,pp1803,20170914,9323,9323,0,0,0,9087,9087,-236,-236,0,0,4
2015,pp1803,20170915,9087,9087,0,0,0,8943,8943,-144,-144,0,0,4
2016,pp1803,20170918,8943,8943,0,0,0,8943,8943,0,0,0,0,4
2017,pp1803,20170919,8943,8943,0,0,0,8943,8943,0,0,0,0,4
2018,pp1803,20170920,8943,8943,0,0,0,8943,8943,0,0,0,0,4
2019,pp1803,20170921,8943,8943,8723,8723,8723,8723,8723,-220,-220,2,87230,4
2020,pp1803,20170922,8723,8723,8772,8772,8533,8533,8652,-190,-71,4,173050,6
2021,pp1803,20170925,8533,8652,0,0,0,8652,8652,0,0,0,0,6
2022,pp1803,20170926,8652,8652,0,0,0,8777,8777,125,125,0,0,6
2023,pp1803,20170927,8777,8777,0,0,0,8777,8777,0,0,0,0,6
2024,pp1803,20170928,8777,8777,0,0,0,8777,8777,0,0,0,0,6
2025,pp1803,20170929,8777,8777,0,0,0,8884,8884,107,107,0,0,6
2026,pp1803,20171009,8884,8884,0,0,0,8884,8884,0,0,0,0,6
2027,pp1803,20171010,8884,8884,8770,8770,8770,8770,8770,-114,-114,2,87700,8
2028,pp1803,20171011,8770,8770,0,0,0,8770,8770,0,0,0,0,8
2029,pp1803,20171012,8770,8770,8660,8660,8660,8660,8660,-110,-110,2,86600,6
2030,pp1803,20171013,8660,8660,8820,8820,8820,8820,8820,160,160,2,88200,8
2031,pp1803,20171016,8820,8820,0,0,0,8820,8820,0,0,0,0,8
2032,pp1803,20171017,8820,8820,0,0,0,8896,8896,76,76,0,0,8
2033,pp1803,20171018,8896,8896,0,0,0,8896,8896,0,0,0,0,8
2034,pp1803,20171019,8896,8896,0,0,0,8896,8896,0,0,0,0,8
2035,pp1803,20171020,8896,8896,0,0,0,8896,8896,0,0,0,0,8
2036,pp1803,20171023,8896,8896,9094,9094,9094,9094,9094,198,198,2,90940,6
2037,pp1803,20171024,9094,9094,0,0,0,9094,9094,0,0,0,0,6
2038,pp1803,20171025,9094,9094,0,0,0,9094,9094,0,0,0,0,6
2039,pp1803,20171026,9094,9094,9196,9196,9008,9121,9107,27,13,44,2003670,12
2040,pp1803,20171027,9121,9107,0,0,0,8849,8849,-258,-258,0,0,12
2041,pp1803,20171030,8849,8849,0,0,0,8849,8849,0,0,0,0,12
2042,pp1803,20171031,8849,8849,0,0,0,8849,8849,0,0,0,0,12
2043,pp1803,20171101,8849,8849,8781,8781,8780,8780,8780,-69,-69,4,175610,8
2044,pp1803,20171102,8780,8780,8933,9216,8673,8832,8934,52,154,70,3127120,10
2045,pp1803,20171103,8832,8934,0,0,0,8934,8934,0,0,0,0,10
2046,pp1803,20171106,8934,8934,9092,9092,9092,9092,9092,158,158,2,90920,10
2047,pp1803,20171107,9092,9092,0,0,0,9092,9092,0,0,0,0,10
2048,pp1803,20171108,9092,9092,0,0,0,9156,9156,64,64,0,0,10
2049,pp1803,20171109,9156,9156,0,0,0,9156,9156,0,0,0,0,10
2050,pp1803,20171110,9156,9156,0,0,0,9156,9156,0,0,0,0,10
2051,pp1803,20171113,9156,9156,0,0,0,9156,9156,0,0,0,0,10
2052,pp1803,20171114,9156,9156,0,0,0,9156,9156,0,0,0,0,10
2053,pp1803,20171115,9156,9156,0,0,0,9156,9156,0,0,0,0,10
2054,pp1803,20171116,9156,9156,0,0,0,9156,9156,0,0,0,0,10
2055,pp1803,20171117,9156,9156,0,0,0,9156,9156,0,0,0,0,10
2056,pp1803,20171120,9156,9156,0,0,0,9156,9156,0,0,0,0,10
2057,pp1803,20171121,9156,9156,0,0,0,9156,9156,0,0,0,0,10
2058,pp1803,20171122,9156,9156,0,0,0,9156,9156,0,0,0,0,10
2059,pp1803,20171123,9156,9156,9325,9325,9325,9325,9325,169,169,2,93250,10
2060,pp1803,20171124,9325,9325,0,0,0,9304,9304,-21,-21,0,0,10
2061,pp1803,20171127,9304,9304,0,0,0,9260,9260,-44,-44,0,0,10
2062,pp1803,20171128,9260,9260,0,0,0,9007,9007,-253,-253,0,0,10
2063,pp1803,20171129,9007,9007,0,0,0,9007,9007,0,0,0,0,10
2064,pp1803,20171130,9007,9007,0,0,0,9007,9007,0,0,0,0,10
2065,pp1803,20171201,9007,9007,8938,8938,8938,8938,8938,-69,-69,2,89380,8
2066,pp1803,20171204,8938,8938,0,0,0,9036,9036,98,98,0,0,8
2067,pp1803,20171205,9036,9036,9149,9149,9149,9149,9149,113,113,2,91490,6
2068,pp1803,20171206,9149,9149,0,0,0,9149,9149,0,0,0,0,6
2069,pp1803,20171207,9149,9149,0,0,0,8978,8978,-171,-171,0,0,6
2070,pp1803,20171208,8978,8978,0,0,0,8978,8978,0,0,0,0,6
2071,pp1803,20171211,8978,8978,0,0,0,8978,8978,0,0,0,0,6
2072,pp1803,20171212,8978,8978,0,0,0,8978,8978,0,0,0,0,6
2073,pp1803,20171213,8978,8978,0,0,0,8978,8978,0,0,0,0,6
2074,pp1803,20171214,8978,8978,0,0,0,8978,8978,0,0,0,0,6
2075,pp1803,20171215,8978,8978,0,0,0,8978,8978,0,0,0,0,6
2076,pp1803,20171218,8978,8978,0,0,0,8978,8978,0,0,0,0,6
2077,pp1803,20171219,8978,8978,0,0,0,9026,9026,48,48,0,0,6
2078,pp1803,20171220,9026,9026,0,0,0,9052,9052,26,26,0,0,6
2079,pp1803,20171221,9052,9052,0,0,0,9034,9034,-18,-18,0,0,6
2080,pp1803,20171222,9034,9034,0,0,0,8996,8996,-38,-38,0,0,6
2081,pp1803,20171225,8996,8996,0,0,0,8989,8989,-7,-7,0,0,6
2082,pp1803,20171226,8989,8989,0,0,0,8991,8991,2,2,0,0,6
2083,pp1803,20171227,8991,8991,0,0,0,9044,9044,53,53,0,0,6
2084,pp1803,20171228,9044,9044,9488,9488,9488,9488,9488,444,444,2,94880,8
2085,pp1803,20171229,9488,9488,0,0,0,9524,9524,36,36,0,0,8
2086,pp1804,20170419,7722,7722,0,0,0,7722,7722,0,0,0,0,0
2087,pp1804,20170420,7722,7722,0,0,0,7722,7722,0,0,0,0,0
2088,pp1804,20170421,7722,7722,0,0,0,7722,7722,0,0,0,0,0
2089,pp1804,20170424,7722,7722,0,0,0,7722,7722,0,0,0,0,0
2090,pp1804,20170425,7722,7722,0,0,0,7722,7722,0,0,0,0,0
2091,pp1804,20170426,7722,7722,0,0,0,7722,7722,0,0,0,0,0
2092,pp1804,20170427,7722,7722,0,0,0,7722,7722,0,0,0,0,0
2093,pp1804,20170428,7722,7722,0,0,0,7722,7722,0,0,0,0,0
2094,pp1804,20170502,7722,7722,0,0,0,7722,7722,0,0,0,0,0
2095,pp1804,20170503,7722,7722,0,0,0,7722,7722,0,0,0,0,0
2096,pp1804,20170504,7722,7722,0,0,0,7501,7501,-221,-221,0,0,0
2097,pp1804,20170505,7501,7501,0,0,0,7501,7501,0,0,0,0,0
2098,pp1804,20170508,7501,7501,0,0,0,7501,7501,0,0,0,0,0
2099,pp1804,20170509,7501,7501,0,0,0,7501,7501,0,0,0,0,0
2100,pp1804,20170510,7501,7501,0,0,0,7501,7501,0,0,0,0,0
2101,pp1804,20170511,7501,7501,0,0,0,7501,7501,0,0,0,0,0
2102,pp1804,20170512,7501,7501,0,0,0,7501,7501,0,0,0,0,0
2103,pp1804,20170515,7501,7501,0,0,0,7501,7501,0,0,0,0,0
2104,pp1804,20170516,7501,7501,0,0,0,7582,7582,81,81,0,0,0
2105,pp1804,20170517,7582,7582,0,0,0,7582,7582,0,0,0,0,0
2106,pp1804,20170518,7582,7582,0,0,0,7588,7588,6,6,0,0,0
2107,pp1804,20170519,7588,7588,0,0,0,7808,7808,220,220,0,0,0
2108,pp1804,20170522,7808,7808,0,0,0,8088,8088,280,280,0,0,0
2109,pp1804,20170523,8088,8088,8215,8215,8215,8215,8215,127,127,2,82150,2
2110,pp1804,20170524,8215,8215,0,0,0,8122,8122,-93,-93,0,0,2
2111,pp1804,20170525,8122,8122,8205,8205,8205,8205,8205,83,83,2,82050,4
2112,pp1804,20170526,8205,8205,0,0,0,8111,8111,-94,-94,0,0,4
2113,pp1804,20170531,8111,8111,0,0,0,8076,8076,-35,-35,0,0,4
2114,pp1804,20170601,8076,8076,0,0,0,8064,8064,-12,-12,0,0,4
2115,pp1804,20170602,8064,8064,0,0,0,7715,7715,-349,-349,0,0,4
2116,pp1804,20170605,7715,7715,0,0,0,7622,7622,-93,-93,0,0,4
2117,pp1804,20170606,7622,7622,0,0,0,7609,7609,-13,-13,0,0,4
2118,pp1804,20170607,7609,7609,0,0,0,7652,7652,43,43,0,0,4
2119,pp1804,20170608,7652,7652,0,0,0,7621,7621,-31,-31,0,0,4
2120,pp1804,20170609,7621,7621,0,0,0,7675,7675,54,54,0,0,4
2121,pp1804,20170612,7675,7675,0,0,0,7942,7942,267,267,0,0,4
2122,pp1804,20170613,7942,7942,0,0,0,7878,7878,-64,-64,0,0,4
2123,pp1804,20170614,7878,7878,0,0,0,7789,7789,-89,-89,0,0,4
2124,pp1804,20170615,7789,7789,0,0,0,7745,7745,-44,-44,0,0,4
2125,pp1804,20170616,7745,7745,0,0,0,7745,7745,0,0,0,0,4
2126,pp1804,20170619,7745,7745,0,0,0,7806,7806,61,61,0,0,4
2127,pp1804,20170620,7806,7806,0,0,0,7806,7806,0,0,0,0,4
2128,pp1804,20170621,7806,7806,0,0,0,7777,7777,-29,-29,0,0,4
2129,pp1804,20170622,7777,7777,0,0,0,7741,7741,-36,-36,0,0,4
2130,pp1804,20170623,7741,7741,0,0,0,7741,7741,0,0,0,0,4
2131,pp1804,20170626,7741,7741,0,0,0,7847,7847,106,106,0,0,4
2132,pp1804,20170627,7847,7847,0,0,0,7847,7847,0,0,0,0,4
2133,pp1804,20170628,7847,7847,0,0,0,7847,7847,0,0,0,0,4
2134,pp1804,20170629,7847,7847,0,0,0,7931,7931,84,84,0,0,4
2135,pp1804,20170630,7931,7931,0,0,0,7973,7973,42,42,0,0,4
2136,pp1804,20170703,7973,7973,0,0,0,7973,7973,0,0,0,0,4
2137,pp1804,20170704,7973,7973,0,0,0,7874,7874,-99,-99,0,0,4
2138,pp1804,20170705,7874,7874,8111,8111,7895,7895,8003,21,129,4,160060,4
2139,pp1804,20170706,7895,8003,0,0,0,8142,8142,139,139,0,0,4
2140,pp1804,20170707,8142,8142,8199,8199,8199,8199,8199,57,57,2,81990,4
2141,pp1804,20170710,8199,8199,0,0,0,8226,8226,27,27,0,0,4
2142,pp1804,20170711,8226,8226,0,0,0,8227,8227,1,1,0,0,4
2143,pp1804,20170712,8227,8227,8100,8200,8100,8200,8150,-27,-77,4,163000,4
2144,pp1804,20170713,8200,8150,0,0,0,8150,8150,0,0,0,0,4
2145,pp1804,20170714,8150,8150,0,0,0,8150,8150,0,0,0,0,4
2146,pp1804,20170717,8150,8150,0,0,0,8150,8150,0,0,0,0,4
2147,pp1804,20170718,8150,8150,8185,8285,8185,8285,8251,135,101,6,247540,6
2148,pp1804,20170719,8285,8251,8252,8252,8234,8234,8243,-17,-8,4,164860,6
2149,pp1804,20170720,8234,8243,8535,8535,8535,8535,8535,292,292,2,85350,4
2150,pp1804,20170721,8535,8535,0,0,0,8535,8535,0,0,0,0,4
2151,pp1804,20170724,8535,8535,0,0,0,8535,8535,0,0,0,0,4
2152,pp1804,20170725,8535,8535,0,0,0,8535,8535,0,0,0,0,4
2153,pp1804,20170726,8535,8535,0,0,0,8546,8546,11,11,0,0,4
2154,pp1804,20170727,8546,8546,0,0,0,8436,8436,-110,-110,0,0,4
2155,pp1804,20170728,8436,8436,0,0,0,8271,8271,-165,-165,0,0,4
2156,pp1804,20170731,8271,8271,0,0,0,8221,8221,-50,-50,0,0,4
2157,pp1804,20170801,8221,8221,0,0,0,8362,8362,141,141,0,0,4
2158,pp1804,20170802,8362,8362,0,0,0,8533,8533,171,171,0,0,4
2159,pp1804,20170803,8533,8533,0,0,0,8490,8490,-43,-43,0,0,4
2160,pp1804,20170804,8490,8490,0,0,0,8439,8439,-51,-51,0,0,4
2161,pp1804,20170807,8439,8439,0,0,0,8472,8472,33,33,0,0,4
2162,pp1804,20170808,8472,8472,8650,8650,8650,8650,8650,178,178,2,86500,6
2163,pp1804,20170809,8650,8650,0,0,0,8918,8918,268,268,0,0,6
2164,pp1804,20170810,8918,8918,0,0,0,8937,8937,19,19,0,0,6
2165,pp1804,20170811,8937,8937,0,0,0,8850,8850,-87,-87,0,0,6
2166,pp1804,20170814,8850,8850,0,0,0,8836,8836,-14,-14,0,0,6
2167,pp1804,20170815,8836,8836,0,0,0,8614,8614,-222,-222,0,0,6
2168,pp1804,20170816,8614,8614,0,0,0,8614,8614,0,0,0,0,6
2169,pp1804,20170817,8614,8614,0,0,0,8837,8837,223,223,0,0,6
2170,pp1804,20170818,8837,8837,0,0,0,8837,8837,0,0,0,0,6
2171,pp1804,20170821,8837,8837,0,0,0,8962,8962,125,125,0,0,6
2172,pp1804,20170822,8962,8962,0,0,0,9014,9014,52,52,0,0,6
2173,pp1804,20170823,9014,9014,0,0,0,9104,9104,90,90,0,0,6
2174,pp1804,20170824,9104,9104,0,0,0,9104,9104,0,0,0,0,6
2175,pp1804,20170825,9104,9104,0,0,0,9167,9167,63,63,0,0,6
2176,pp1804,20170828,9167,9167,0,0,0,9167,9167,0,0,0,0,6
2177,pp1804,20170829,9167,9167,0,0,0,9319,9319,152,152,0,0,6
2178,pp1804,20170830,9319,9319,0,0,0,9319,9319,0,0,0,0,6
2179,pp1804,20170831,9319,9319,0,0,0,9367,9367,48,48,0,0,6
2180,pp1804,20170901,9367,9367,0,0,0,9526,9526,159,159,0,0,6
2181,pp1804,20170904,9526,9526,0,0,0,9731,9731,205,205,0,0,6
2182,pp1804,20170905,9731,9731,0,0,0,9634,9634,-97,-97,0,0,6
2183,pp1804,20170906,9634,9634,0,0,0,9563,9563,-71,-71,0,0,6
2184,pp1804,20170907,9563,9563,0,0,0,9430,9430,-133,-133,0,0,6
2185,pp1804,20170908,9430,9430,0,0,0,9343,9343,-87,-87,0,0,6
2186,pp1804,20170911,9343,9343,0,0,0,9213,9213,-130,-130,0,0,6
2187,pp1804,20170912,9213,9213,0,0,0,9357,9357,144,144,0,0,6
2188,pp1804,20170913,9357,9357,0,0,0,9259,9259,-98,-98,0,0,6
2189,pp1804,20170914,9259,9259,0,0,0,9024,9024,-235,-235,0,0,6
2190,pp1804,20170915,9024,9024,0,0,0,8881,8881,-143,-143,0,0,6
2191,pp1804,20170918,8881,8881,0,0,0,8881,8881,0,0,0,0,6
2192,pp1804,20170919,8881,8881,0,0,0,8843,8843,-38,-38,0,0,6
2193,pp1804,20170920,8843,8843,0,0,0,8843,8843,0,0,0,0,6
2194,pp1804,20170921,8843,8843,0,0,0,8626,8626,-217,-217,0,0,6
2195,pp1804,20170922,8626,8626,8795,8795,8603,8603,8699,-23,73,4,173980,6
2196,pp1804,20170925,8603,8699,0,0,0,8758,8758,59,59,0,0,6
2197,pp1804,20170926,8758,8758,0,0,0,8758,8758,0,0,0,0,6
2198,pp1804,20170927,8758,8758,0,0,0,8820,8820,62,62,0,0,6
2199,pp1804,20170928,8820,8820,0,0,0,8591,8591,-229,-229,0,0,6
2200,pp1804,20170929,8591,8591,0,0,0,8696,8696,105,105,0,0,6
2201,pp1804,20171009,8696,8696,0,0,0,8696,8696,0,0,0,0,6
2202,pp1804,20171010,8696,8696,0,0,0,8585,8585,-111,-111,0,0,6
2203,pp1804,20171011,8585,8585,0,0,0,8585,8585,0,0,0,0,6
2204,pp1804,20171012,8585,8585,0,0,0,8585,8585,0,0,0,0,6
2205,pp1804,20171013,8585,8585,0,0,0,8743,8743,158,158,0,0,6
2206,pp1804,20171016,8743,8743,0,0,0,8910,8910,167,167,0,0,6
2207,pp1804,20171017,8910,8910,8923,9138,8923,9138,9024,228,114,40,1804840,24
2208,pp1804,20171018,9138,9024,9109,9109,9108,9108,9108,84,84,10,455410,16
2209,pp1804,20171019,9108,9108,0,0,0,8877,8877,-231,-231,0,0,16
2210,pp1804,20171020,8877,8877,0,0,0,9136,9136,259,259,0,0,16
2211,pp1804,20171023,9136,9136,0,0,0,9136,9136,0,0,0,0,16
2212,pp1804,20171024,9136,9136,9214,9214,9214,9214,9214,78,78,4,184280,16
2213,pp1804,20171025,9214,9214,0,0,0,9192,9192,-22,-22,0,0,16
2214,pp1804,20171026,9192,9192,0,0,0,9205,9205,13,13,0,0,16
2215,pp1804,20171027,9205,9205,0,0,0,8944,8944,-261,-261,0,0,16
2216,pp1804,20171030,8944,8944,0,0,0,8899,8899,-45,-45,0,0,16
2217,pp1804,20171031,8899,8899,0,0,0,8799,8799,-100,-100,0,0,16
2218,pp1804,20171101,8799,8799,0,0,0,8799,8799,0,0,0,0,16
2219,pp1804,20171102,8799,8799,0,0,0,8953,8953,154,154,0,0,16
2220,pp1804,20171103,8953,8953,9008,9008,9008,9008,9008,55,55,4,180160,12
2221,pp1804,20171106,9008,9008,0,0,0,9167,9167,159,159,0,0,12
2222,pp1804,20171107,9167,9167,0,0,0,9222,9222,55,55,0,0,12
2223,pp1804,20171108,9222,9222,9212,9212,9212,9212,9212,-10,-10,2,92120,10
2224,pp1804,20171109,9212,9212,0,0,0,9262,9262,50,50,0,0,10
2225,pp1804,20171110,9262,9262,0,0,0,9157,9157,-105,-105,0,0,10
2226,pp1804,20171113,9157,9157,0,0,0,9155,9155,-2,-2,0,0,10
2227,pp1804,20171114,9155,9155,0,0,0,9135,9135,-20,-20,0,0,10
2228,pp1804,20171115,9135,9135,0,0,0,8934,8934,-201,-201,0,0,10
2229,pp1804,20171116,8934,8934,0,0,0,8916,8916,-18,-18,0,0,10
2230,pp1804,20171117,8916,8916,0,0,0,8993,8993,77,77,0,0,10
2231,pp1804,20171120,8993,8993,0,0,0,9106,9106,113,113,0,0,10
2232,pp1804,20171121,9106,9106,0,0,0,9211,9211,105,105,0,0,10
2233,pp1804,20171122,9211,9211,9269,9269,9269,9269,9269,58,58,2,92690,8
2234,pp1804,20171123,9269,9269,0,0,0,9269,9269,0,0,0,0,8
2235,pp1804,20171124,9269,9269,0,0,0,9269,9269,0,0,0,0,8
2236,pp1804,20171127,9269,9269,0,0,0,9225,9225,-44,-44,0,0,8
2237,pp1804,20171128,9225,9225,0,0,0,8973,8973,-252,-252,0,0,8
2238,pp1804,20171129,8973,8973,0,0,0,8973,8973,0,0,0,0,8
2239,pp1804,20171130,8973,8973,0,0,0,8906,8906,-67,-67,0,0,8
2240,pp1804,20171201,8906,8906,0,0,0,8906,8906,0,0,0,0,8
2241,pp1804,20171204,8906,8906,0,0,0,9004,9004,98,98,0,0,8
2242,pp1804,20171205,9004,9004,0,0,0,9116,9116,112,112,0,0,8
2243,pp1804,20171206,9116,9116,0,0,0,9116,9116,0,0,0,0,8
2244,pp1804,20171207,9116,9116,0,0,0,8946,8946,-170,-170,0,0,8
2245,pp1804,20171208,8946,8946,0,0,0,8958,8958,12,12,0,0,8
2246,pp1804,20171211,8958,8958,0,0,0,8958,8958,0,0,0,0,8
2247,pp1804,20171212,8958,8958,0,0,0,8991,8991,33,33,0,0,8
2248,pp1804,20171213,8991,8991,0,0,0,8932,8932,-59,-59,0,0,8
2249,pp1804,20171214,8932,8932,0,0,0,8932,8932,0,0,0,0,8
2250,pp1804,20171215,8932,8932,0,0,0,8932,8932,0,0,0,0,8
2251,pp1804,20171218,8932,8932,0,0,0,8983,8983,51,51,0,0,8
2252,pp1804,20171219,8983,8983,0,0,0,9031,9031,48,48,0,0,8
2253,pp1804,20171220,9031,9031,0,0,0,9057,9057,26,26,0,0,8
2254,pp1804,20171221,9057,9057,0,0,0,9039,9039,-18,-18,0,0,8
2255,pp1804,20171222,9039,9039,0,0,0,9001,9001,-38,-38,0,0,8
2256,pp1804,20171225,9001,9001,0,0,0,9001,9001,0,0,0,0,8
2257,pp1804,20171226,9001,9001,0,0,0,9003,9003,2,2,0,0,8
2258,pp1804,20171227,9003,9003,0,0,0,9056,9056,53,53,0,0,8
2259,pp1804,20171228,9056,9056,0,0,0,9500,9500,444,444,0,0,8
2260,pp1804,20171229,9500,9500,0,0,0,9536,9536,36,36,0,0,8
2261,pp1805,20170516,7501,7501,7649,7864,7611,7828,7790,327,289,350,13633190,206
2262,pp1805,20170517,7828,7790,7828,7880,7779,7808,7825,18,35,384,15024440,314
2263,pp1805,20170518,7808,7825,7763,7900,7724,7877,7805,52,-20,302,11785650,418
2264,pp1805,20170519,7877,7805,7970,8150,7956,8150,8045,345,240,564,22689200,632
2265,pp1805,20170522,8150,8045,8198,8220,8100,8179,8148,134,103,954,38869120,878
2266,pp1805,20170523,8179,8148,8179,8220,8104,8152,8159,4,11,288,11749700,892
2267,pp1805,20170524,8152,8159,8189,8202,7973,8080,8110,-79,-49,238,9651640,890
2268,pp1805,20170525,8080,8110,8115,8228,8115,8153,8179,43,69,40,1635810,884
2269,pp1805,20170526,8153,8179,8076,8090,8000,8090,8037,-89,-142,154,6188960,870
2270,pp1805,20170531,8090,8037,8099,8134,7861,7891,7961,-146,-76,1112,44263840,1096
2271,pp1805,20170601,7891,7961,7909,7990,7909,7958,7944,-3,-17,270,10724550,1122
2272,pp1805,20170602,7958,7944,7900,7934,7722,7760,7813,-184,-131,1498,58526520,1316
2273,pp1805,20170605,7760,7813,7772,7802,7700,7738,7747,-75,-66,1160,44933160,1230
2274,pp1805,20170606,7738,7747,7766,7780,7685,7750,7736,3,-11,318,12300610,1240
2275,pp1805,20170607,7750,7736,7759,7806,7722,7750,7767,14,31,184,7146240,1208
2276,pp1805,20170608,7750,7767,7671,7807,7656,7781,7719,14,-48,276,10652690,1208
2277,pp1805,20170609,7781,7719,7790,7823,7742,7750,7784,31,65,130,5060070,1200
2278,pp1805,20170612,7750,7784,7842,7944,7842,7939,7906,155,122,470,18579440,1350
2279,pp1805,20170613,7939,7906,7938,7944,7729,7729,7807,-177,-99,734,28653250,1490
2280,pp1805,20170614,7729,7807,7753,7817,7700,7760,7738,-47,-69,1394,53935360,1810
2281,pp1805,20170615,7760,7738,7738,7782,7665,7689,7724,-49,-14,1374,53066060,1852
2282,pp1805,20170616,7689,7724,7732,7798,7713,7740,7756,16,32,1674,64918940,2100
2283,pp1805,20170619,7740,7756,7780,7894,7758,7784,7833,28,77,1470,57573580,2076
2284,pp1805,20170620,7784,7833,7808,7841,7713,7759,7761,-74,-72,562,21809440,2072
2285,pp1805,20170621,7759,7761,7700,7799,7680,7723,7728,-38,-33,1878,72570010,2542
2286,pp1805,20170622,7723,7728,7725,7788,7638,7638,7707,-90,-21,1414,54491240,2366
2287,pp1805,20170623,7638,7707,7669,7700,7656,7700,7675,-7,-32,984,37762230,2308
2288,pp1805,20170626,7700,7675,7716,7836,7707,7770,7771,95,96,1516,58908480,2132
2289,pp1805,20170627,7770,7771,7831,7880,7747,7835,7816,64,45,864,33767840,2252
2290,pp1805,20170628,7835,7816,7895,7921,7750,7795,7859,-21,43,1162,45661380,1968
2291,pp1805,20170629,7795,7859,7849,7990,7835,7920,7937,61,78,940,37307620,2062
2292,pp1805,20170630,7920,7937,7925,8000,7900,7963,7963,26,26,386,15369790,2006
2293,pp1805,20170703,7963,7963,8020,8080,8009,8046,8039,83,76,678,27254710,2262
2294,pp1805,20170704,8046,8039,8044,8045,7877,7881,7941,-158,-98,700,27795490,2538
2295,pp1805,20170705,7881,7941,7944,8020,7900,7945,7975,4,34,1290,51439820,2588
2296,pp1805,20170706,7945,7975,7900,8102,7900,8088,8010,113,35,942,37729920,2610
2297,pp1805,20170707,8088,8010,8069,8209,8069,8200,8149,190,139,1444,58838880,3022
2298,pp1805,20170710,8200,8149,8208,8245,8095,8102,8183,-47,34,686,28069830,3070
2299,pp1805,20170711,8102,8183,8169,8245,8130,8164,8168,-19,-15,1040,42477530,3254
2300,pp1805,20170712,8164,8168,8208,8280,8123,8152,8221,-16,53,858,35271750,3396
2301,pp1805,20170713,8152,8221,8129,8185,8047,8103,8129,-118,-92,1882,76499850,3916
2302,pp1805,20170714,8103,8129,8119,8169,8100,8154,8147,25,18,864,35195980,4220
2303,pp1805,20170717,8154,8147,8196,8300,8160,8161,8230,14,83,2288,94153850,4684
2304,pp1805,20170718,8161,8230,8190,8250,8154,8185,8199,-45,-31,1546,63385670,4508
2305,pp1805,20170719,8185,8199,8190,8275,8188,8254,8230,55,31,876,36050330,4278
2306,pp1805,20170720,8254,8230,8265,8641,8265,8555,8471,325,241,5932,251255950,5204
2307,pp1805,20170721,8555,8471,8540,8633,8442,8623,8531,152,60,5278,225153610,6480
2308,pp1805,20170724,8623,8531,8561,8633,8531,8589,8585,58,54,2948,126551240,7024
2309,pp1805,20170725,8589,8585,8648,8666,8585,8631,8622,46,37,1930,83203400,6818
2310,pp1805,20170726,8631,8622,8725,8759,8530,8559,8651,-63,29,2874,124323500,7028
2311,pp1805,20170727,8559,8651,8575,8575,8475,8540,8528,-111,-123,1660,70789660,6838
2312,pp1805,20170728,8540,8528,8541,8541,8365,8372,8445,-156,-83,1340,56586180,6670
2313,pp1805,20170731,8372,8445,8365,8485,8333,8461,8426,16,-19,1640,69096680,6498
2314,pp1805,20170801,8461,8426,8480,8666,8429,8595,8559,169,133,4478,191653680,6802
2315,pp1805,20170802,8595,8559,8577,8680,8550,8634,8629,75,70,4200,181218070,7058
2316,pp1805,20170803,8634,8629,8655,8686,8525,8529,8605,-100,-24,2412,103781630,6894
2317,pp1805,20170804,8529,8605,8564,8760,8564,8675,8688,70,83,2818,122414780,6978
2318,pp1805,20170807,8675,8688,8740,8809,8570,8601,8643,-87,-45,2784,120317550,7062
2319,pp1805,20170808,8601,8643,8652,8811,8633,8803,8735,160,92,1840,80364610,7074
2320,pp1805,20170809,8803,8735,8825,8972,8807,8895,8898,160,163,6534,290707430,9452
2321,pp1805,20170810,8895,8898,8867,8953,8837,8892,8892,-6,-6,5278,234680360,10052
2322,pp1805,20170811,8892,8892,8866,8906,8710,8819,8819,-73,-73,5384,237419420,9932
2323,pp1805,20170814,8819,8819,8837,8850,8756,8775,8800,-44,-19,3580,157522200,8800
2324,pp1805,20170815,8775,8800,8733,8735,8605,8633,8653,-167,-147,5126,221799040,8574
2325,pp1805,20170816,8633,8653,8633,8668,8550,8643,8631,-10,-22,1902,82086180,8108
2326,pp1805,20170817,8643,8631,8732,8900,8732,8888,8841,257,210,7618,336785860,10050
2327,pp1805,20170818,8888,8841,8880,8925,8847,8900,8890,59,49,3184,141528890,10048
2328,pp1805,20170821,8900,8890,8929,9058,8929,9030,9007,140,117,4770,214820760,12000
2329,pp1805,20170822,9030,9007,9049,9207,8923,9200,9091,193,84,8964,407466650,13544
2330,pp1805,20170823,9200,9091,9120,9211,9106,9159,9150,68,59,5158,235999160,14326
2331,pp1805,20170824,9159,9150,9190,9290,9150,9160,9209,10,59,5668,260995030,15228
2332,pp1805,20170825,9160,9209,9208,9312,9182,9225,9271,16,62,5604,259773740,15894
2333,pp1805,20170828,9225,9271,9100,9215,9051,9188,9137,-83,-134,6142,280618150,16020
2334,pp1805,20170829,9188,9137,9196,9340,9195,9333,9283,196,146,8132,377469960,18102
2335,pp1805,20170830,9333,9283,9320,9359,9279,9319,9321,36,38,5106,237989340,18928
2336,pp1805,20170831,9319,9321,9299,9430,9265,9390,9366,69,45,9232,432364030,21216
2337,pp1805,20170901,9390,9366,9415,9586,9400,9572,9490,206,124,11568,548946510,23978
2338,pp1805,20170904,9572,9490,9650,9795,9620,9650,9688,160,198,17004,823737340,28282
2339,pp1805,20170905,9650,9688,9625,9689,9522,9622,9615,-66,-73,12352,593842270,29524
2340,pp1805,20170906,9622,9615,9588,9599,9442,9442,9529,-173,-86,10858,517332970,28380
2341,pp1805,20170907,9442,9529,9467,9501,9298,9328,9402,-201,-127,14364,675255000,27722
2342,pp1805,20170908,9328,9402,9336,9391,9227,9272,9309,-130,-93,15746,732971470,28188
2343,pp1805,20170911,9272,9309,9200,9240,9147,9209,9201,-100,-108,11216,516007710,29076
2344,pp1805,20170912,9209,9201,9300,9418,9234,9399,9329,198,128,15300,713685170,28588
2345,pp1805,20170913,9399,9329,9399,9450,9108,9131,9229,-198,-100,17930,827391560,28124
2346,pp1805,20170914,9131,9229,9142,9192,8962,8964,9094,-265,-135,16222,737667060,29294
2347,pp1805,20170915,8964,9094,8964,9016,8893,8943,8956,-151,-138,11222,502542510,28852
2348,pp1805,20170918,8943,8956,8900,9013,8792,8970,8928,14,-28,14282,637599100,28866
2349,pp1805,20170919,8970,8928,8970,9015,8800,8800,8898,-128,-30,14820,659349250,30548
2350,pp1805,20170920,8800,8898,8860,8877,8747,8831,8811,-67,-87,19948,878902460,34060
2351,pp1805,20170921,8831,8811,8809,8809,8601,8611,8676,-200,-135,17482,758396110,32624
2352,pp1805,20170922,8611,8676,8595,8686,8529,8645,8616,-31,-60,9756,420335400,32434
2353,pp1805,20170925,8645,8616,8650,8761,8540,8710,8655,94,39,14998,649107060,33536
2354,pp1805,20170926,8710,8655,8732,8799,8684,8766,8751,111,96,11524,504272300,32940
2355,pp1805,20170927,8766,8751,8755,8860,8755,8860,8829,109,78,15304,675631900,35674
2356,pp1805,20170928,8860,8829,8760,8760,8488,8617,8603,-212,-226,26162,1125479910,34904
2357,pp1805,20170929,8617,8603,8636,8774,8634,8768,8700,165,97,9812,426842780,35102
2358,pp1805,20171009,8768,8700,8782,8922,8623,8712,8792,12,92,21756,956496310,39966
2359,pp1805,20171010,8712,8792,8688,8811,8631,8650,8712,-142,-80,23056,1004338450,45986
2360,pp1805,20171011,8650,8712,8664,8698,8568,8594,8634,-118,-78,17718,764905060,48006
2361,pp1805,20171012,8594,8634,8595,8625,8490,8580,8549,-54,-85,24868,1063025960,51130
2362,pp1805,20171013,8580,8549,8594,8874,8594,8866,8744,317,195,26790,1171331730,49294
2363,pp1805,20171016,8866,8744,8888,9044,8857,9030,8930,286,186,32984,1472750110,54340
2364,pp1805,20171017,9030,8930,8980,9080,8906,9012,8998,82,68,28804,1295995310,57130
2365,pp1805,20171018,9012,8998,9042,9114,8977,9043,9049,45,51,26744,1210119910,60332
2366,pp1805,20171019,9043,9049,8986,8986,8770,8816,8858,-233,-191,31818,1409248020,61012
2367,pp1805,20171020,8816,8858,8858,9131,8824,9129,8987,271,129,32510,1460975660,65082
2368,pp1805,20171023,9129,8987,9055,9177,9051,9097,9115,110,128,35460,1616143840,71514
2369,pp1805,20171024,9097,9115,9126,9209,9050,9106,9147,-9,32,32552,1488799940,76944
2370,pp1805,20171025,9106,9147,9105,9190,9017,9079,9113,-68,-34,36998,1685937340,82758
2371,pp1805,20171026,9079,9113,9085,9132,8945,8948,9031,-165,-82,36728,1658628950,87210
2372,pp1805,20171027,8948,9031,8980,8980,8805,8822,8892,-209,-139,32894,1462537190,85172
2373,pp1805,20171030,8822,8892,8822,8898,8821,8838,8858,-54,-34,26226,1161556440,83646
2374,pp1805,20171031,8838,8858,8838,8839,8713,8760,8759,-98,-99,29508,1292406250,84354
2375,pp1805,20171101,8760,8759,8771,8973,8770,8790,8830,31,71,32138,1419010590,86296
2376,pp1805,20171102,8790,8830,8860,8940,8830,8927,8879,97,49,40240,1786624930,89454
2377,pp1805,20171103,8927,8879,8930,9058,8925,9054,8998,175,119,50946,2292088760,98246
2378,pp1805,20171106,9054,8998,9100,9180,9100,9176,9140,178,142,39514,1805957880,102608
2379,pp1805,20171107,9176,9140,9200,9263,9143,9227,9203,87,63,34602,1592260490,108692
2380,pp1805,20171108,9227,9203,9210,9288,9153,9250,9235,47,32,50520,2332781100,120114
2381,pp1805,20171109,9250,9235,9300,9384,9219,9279,9304,44,69,55084,2562741420,121156
2382,pp1805,20171110,9279,9304,9280,9322,9120,9169,9203,-135,-101,51896,2388107900,124692
2383,pp1805,20171113,9169,9203,9140,9256,9092,9235,9192,32,-11,54526,2506281660,130660
2384,pp1805,20171114,9235,9192,9251,9270,9139,9185,9192,-7,0,48428,2225776490,131118
2385,pp1805,20171115,9185,9192,9050,9067,8897,8994,8994,-198,-198,84070,3780868190,131648
2386,pp1805,20171116,8994,8994,9006,9057,8916,8936,8982,-58,-12,64122,2879935790,136418
2387,pp1805,20171117,8936,8982,8914,9130,8902,9113,9021,131,39,97446,4395628190,157046
2388,pp1805,20171120,9113,9021,9066,9227,9040,9218,9131,197,110,94104,4296558240,171632
2389,pp1805,20171121,9218,9131,9238,9275,9202,9241,9241,110,110,61682,2850177090,180632
2390,pp1805,20171122,9241,9241,9351,9351,9151,9265,9228,24,-13,116956,5396582850,191986
2391,pp1805,20171123,9265,9228,9295,9338,9190,9199,9270,-29,42,102230,4738746800,197210
2392,pp1805,20171124,9199,9270,9226,9292,9212,9260,9251,-10,-19,70622,3266682370,206616
2393,pp1805,20171127,9260,9251,9263,9398,8949,8955,9224,-296,-27,222244,10250851240,216426
2394,pp1805,20171128,8955,9224,8950,8989,8885,8899,8945,-325,-279,142732,6384031770,228848
2395,pp1805,20171129,8899,8945,8899,9006,8884,8914,8941,-31,-4,170714,7632310540,242304
2396,pp1805,20171130,8914,8941,8998,9017,8728,8786,8863,-155,-78,329320,14594408420,297356
2397,pp1805,20171201,8786,8863,8770,8962,8750,8903,8871,40,8,273000,12108998900,298314
2398,pp1805,20171204,8903,8871,8985,9175,8985,9145,9089,274,218,408432,18562537800,300906
2399,pp1805,20171205,9145,9089,9163,9249,9100,9137,9169,48,80,383300,17573685940,332430
2400,pp1805,20171206,9137,9169,9110,9215,9091,9139,9159,-30,-10,379684,17388852970,338238
2401,pp1805,20171207,9139,9159,9074,9090,8802,8822,8918,-337,-241,528646,23573915960,352114
2402,pp1805,20171208,8822,8918,8822,9048,8822,9018,8943,100,25,411600,18406701660,338048
2403,pp1805,20171211,9018,8943,9030,9150,9001,9086,9089,143,146,472474,21472821330,336512
2404,pp1805,20171212,9086,9089,9150,9180,9081,9179,9136,90,47,372734,17027862800,354704
2405,pp1805,20171213,9179,9136,9161,9200,8960,9077,9047,-59,-89,522752,23649148280,361982
2406,pp1805,20171214,9077,9047,9070,9150,8980,9000,9058,-47,11,461118,20886284710,356202
2407,pp1805,20171215,9000,9058,9010,9020,8885,8935,8963,-123,-95,391872,17563537190,373960
2408,pp1805,20171218,8935,8963,9025,9122,8979,9073,9051,110,88,497600,22521278450,352930
2409,pp1805,20171219,9073,9051,9065,9250,9040,9240,9166,189,115,594492,27247431720,448048
2410,pp1805,20171220,9240,9166,9260,9284,9194,9250,9240,84,74,288822,13344649740,443906
2411,pp1805,20171221,9250,9240,9193,9309,9168,9236,9254,-4,14,407684,18864013300,454078
2412,pp1805,20171222,9236,9254,9275,9290,9120,9217,9183,-37,-71,389648,17892160420,427474
2413,pp1805,20171225,9217,9183,9190,9306,9103,9144,9213,-39,30,459048,21146422380,408772
2414,pp1805,20171226,9144,9213,9156,9370,9142,9333,9274,120,61,558254,25887048520,510098
2415,pp1805,20171227,9333,9274,9340,9390,9210,9250,9289,-24,15,422778,19636771730,449456
2416,pp1805,20171228,9250,9289,9250,9312,9209,9265,9266,-24,-23,314022,14549636140,449960
2417,pp1805,20171229,9265,9266,9300,9340,9222,9285,9282,19,16,357500,16591850780,421596
2418,pp1806,20170615,7738,7738,0,0,0,7738,7738,0,0,0,0,0
2419,pp1806,20170616,7738,7738,0,0,0,7738,7738,0,0,0,0,0
2420,pp1806,20170619,7738,7738,0,0,0,7814,7814,76,76,0,0,0
2421,pp1806,20170620,7814,7814,0,0,0,7814,7814,0,0,0,0,0
2422,pp1806,20170621,7814,7814,0,0,0,7814,7814,0,0,0,0,0
2423,pp1806,20170622,7814,7814,0,0,0,7814,7814,0,0,0,0,0
2424,pp1806,20170623,7814,7814,0,0,0,7814,7814,0,0,0,0,0
2425,pp1806,20170626,7814,7814,0,0,0,7814,7814,0,0,0,0,0
2426,pp1806,20170627,7814,7814,0,0,0,7814,7814,0,0,0,0,0
2427,pp1806,20170628,7814,7814,0,0,0,7814,7814,0,0,0,0,0
2428,pp1806,20170629,7814,7814,0,0,0,7814,7814,0,0,0,0,0
2429,pp1806,20170630,7814,7814,0,0,0,7814,7814,0,0,0,0,0
2430,pp1806,20170703,7814,7814,0,0,0,7814,7814,0,0,0,0,0
2431,pp1806,20170704,7814,7814,0,0,0,7814,7814,0,0,0,0,0
2432,pp1806,20170705,7814,7814,0,0,0,7814,7814,0,0,0,0,0
2433,pp1806,20170706,7814,7814,0,0,0,7814,7814,0,0,0,0,0
2434,pp1806,20170707,7814,7814,0,0,0,7949,7949,135,135,0,0,0
2435,pp1806,20170710,7949,7949,0,0,0,7949,7949,0,0,0,0,0
2436,pp1806,20170711,7949,7949,0,0,0,7949,7949,0,0,0,0,0
2437,pp1806,20170712,7949,7949,0,0,0,7949,7949,0,0,0,0,0
2438,pp1806,20170713,7949,7949,0,0,0,7949,7949,0,0,0,0,0
2439,pp1806,20170714,7949,7949,0,0,0,7949,7949,0,0,0,0,0
2440,pp1806,20170717,7949,7949,0,0,0,7949,7949,0,0,0,0,0
2441,pp1806,20170718,7949,7949,0,0,0,7920,7920,-29,-29,0,0,0
2442,pp1806,20170719,7920,7920,0,0,0,7949,7949,29,29,0,0,0
2443,pp1806,20170720,7949,7949,0,0,0,8181,8181,232,232,0,0,0
2444,pp1806,20170721,8181,8181,0,0,0,8238,8238,57,57,0,0,0
2445,pp1806,20170724,8238,8238,0,0,0,8290,8290,52,52,0,0,0
2446,pp1806,20170725,8290,8290,0,0,0,8290,8290,0,0,0,0,0
2447,pp1806,20170726,8290,8290,0,0,0,8290,8290,0,0,0,0,0
2448,pp1806,20170727,8290,8290,0,0,0,8290,8290,0,0,0,0,0
2449,pp1806,20170728,8290,8290,0,0,0,8290,8290,0,0,0,0,0
2450,pp1806,20170731,8290,8290,0,0,0,8290,8290,0,0,0,0,0
2451,pp1806,20170801,8290,8290,0,0,0,8290,8290,0,0,0,0,0
2452,pp1806,20170802,8290,8290,0,0,0,8290,8290,0,0,0,0,0
2453,pp1806,20170803,8290,8290,0,0,0,8290,8290,0,0,0,0,0
2454,pp1806,20170804,8290,8290,0,0,0,8369,8369,79,79,0,0,0
2455,pp1806,20170807,8369,8369,0,0,0,8326,8326,-43,-43,0,0,0
2456,pp1806,20170808,8326,8326,8455,8671,8455,8671,8563,345,237,4,171260,0
2457,pp1806,20170809,8671,8563,0,0,0,8722,8722,159,159,0,0,0
2458,pp1806,20170810,8722,8722,0,0,0,8717,8717,-5,-5,0,0,0
2459,pp1806,20170811,8717,8717,0,0,0,8646,8646,-71,-71,0,0,0
2460,pp1806,20170814,8646,8646,0,0,0,8628,8628,-18,-18,0,0,0
2461,pp1806,20170815,8628,8628,0,0,0,8484,8484,-144,-144,0,0,0
2462,pp1806,20170816,8484,8484,0,0,0,8463,8463,-21,-21,0,0,0
2463,pp1806,20170817,8463,8463,0,0,0,8668,8668,205,205,0,0,0
2464,pp1806,20170818,8668,8668,0,0,0,8716,8716,48,48,0,0,0
2465,pp1806,20170821,8716,8716,0,0,0,8830,8830,114,114,0,0,0
2466,pp1806,20170822,8830,8830,0,0,0,8912,8912,82,82,0,0,0
2467,pp1806,20170823,8912,8912,0,0,0,8969,8969,57,57,0,0,0
2468,pp1806,20170824,8969,8969,0,0,0,9026,9026,57,57,0,0,0
2469,pp1806,20170825,9026,9026,9309,9309,9125,9271,9223,245,197,30,1383530,0
2470,pp1806,20170828,9271,9223,0,0,0,9223,9223,0,0,0,0,0
2471,pp1806,20170829,9223,9223,0,0,0,9370,9370,147,147,0,0,0
2472,pp1806,20170830,9370,9370,0,0,0,9408,9408,38,38,0,0,0
2473,pp1806,20170831,9408,9408,0,0,0,9408,9408,0,0,0,0,0
2474,pp1806,20170901,9408,9408,0,0,0,9532,9532,124,124,0,0,0
2475,pp1806,20170904,9532,9532,0,0,0,9730,9730,198,198,0,0,0
2476,pp1806,20170905,9730,9730,0,0,0,9657,9657,-73,-73,0,0,0
2477,pp1806,20170906,9657,9657,0,0,0,9571,9571,-86,-86,0,0,0
2478,pp1806,20170907,9571,9571,0,0,0,9444,9444,-127,-127,0,0,0
2479,pp1806,20170908,9444,9444,0,0,0,9351,9351,-93,-93,0,0,0
2480,pp1806,20170911,9351,9351,0,0,0,9243,9243,-108,-108,0,0,0
2481,pp1806,20170912,9243,9243,0,0,0,9371,9371,128,128,0,0,0
2482,pp1806,20170913,9371,9371,0,0,0,9271,9271,-100,-100,0,0,0
2483,pp1806,20170914,9271,9271,0,0,0,9136,9136,-135,-135,0,0,0
2484,pp1806,20170915,9136,9136,0,0,0,8998,8998,-138,-138,0,0,0
2485,pp1806,20170918,8998,8998,0,0,0,8970,8970,-28,-28,0,0,0
2486,pp1806,20170919,8970,8970,0,0,0,8940,8940,-30,-30,0,0,0
2487,pp1806,20170920,8940,8940,0,0,0,8853,8853,-87,-87,0,0,0
2488,pp1806,20170921,8853,8853,0,0,0,8718,8718,-135,-135,0,0,0
2489,pp1806,20170922,8718,8718,0,0,0,8718,8718,0,0,0,0,0
2490,pp1806,20170925,8718,8718,0,0,0,8757,8757,39,39,0,0,0
2491,pp1806,20170926,8757,8757,0,0,0,8854,8854,97,97,0,0,0
2492,pp1806,20170927,8854,8854,0,0,0,8854,8854,0,0,0,0,0
2493,pp1806,20170928,8854,8854,0,0,0,8628,8628,-226,-226,0,0,0
2494,pp1806,20170929,8628,8628,0,0,0,8725,8725,97,97,0,0,0
2495,pp1806,20171009,8725,8725,0,0,0,8725,8725,0,0,0,0,0
2496,pp1806,20171010,8725,8725,0,0,0,8725,8725,0,0,0,0,0
2497,pp1806,20171011,8725,8725,0,0,0,8647,8647,-78,-78,0,0,0
2498,pp1806,20171012,8647,8647,8621,8621,8621,8621,8621,-26,-26,2,86210,2
2499,pp1806,20171013,8621,8621,8732,8732,8732,8732,8732,111,111,2,87320,2
2500,pp1806,20171016,8732,8732,0,0,0,8917,8917,185,185,0,0,2
2501,pp1806,20171017,8917,8917,8969,8969,8969,8969,8969,52,52,2,89690,0
2502,pp1806,20171018,8969,8969,0,0,0,9019,9019,50,50,0,0,0
2503,pp1806,20171019,9019,9019,0,0,0,8829,8829,-190,-190,0,0,0
2504,pp1806,20171020,8829,8829,0,0,0,8957,8957,128,128,0,0,0
2505,pp1806,20171023,8957,8957,0,0,0,8957,8957,0,0,0,0,0
2506,pp1806,20171024,8957,8957,0,0,0,8988,8988,31,31,0,0,0
2507,pp1806,20171025,8988,8988,0,0,0,8988,8988,0,0,0,0,0
2508,pp1806,20171026,8988,8988,0,0,0,8908,8908,-80,-80,0,0,0
2509,pp1806,20171027,8908,8908,0,0,0,8908,8908,0,0,0,0,0
2510,pp1806,20171030,8908,8908,0,0,0,8874,8874,-34,-34,0,0,0
2511,pp1806,20171031,8874,8874,0,0,0,8775,8775,-99,-99,0,0,0
2512,pp1806,20171101,8775,8775,0,0,0,8775,8775,0,0,0,0,0
2513,pp1806,20171102,8775,8775,0,0,0,8823,8823,48,48,0,0,0
2514,pp1806,20171103,8823,8823,0,0,0,8941,8941,118,118,0,0,0
2515,pp1806,20171106,8941,8941,0,0,0,9082,9082,141,141,0,0,0
2516,pp1806,20171107,9082,9082,0,0,0,9144,9144,62,62,0,0,0
2517,pp1806,20171108,9144,9144,0,0,0,9175,9175,31,31,0,0,0
2518,pp1806,20171109,9175,9175,0,0,0,9243,9243,68,68,0,0,0
2519,pp1806,20171110,9243,9243,0,0,0,9143,9143,-100,-100,0,0,0
2520,pp1806,20171113,9143,9143,0,0,0,9133,9133,-10,-10,0,0,0
2521,pp1806,20171114,9133,9133,0,0,0,9133,9133,0,0,0,0,0
2522,pp1806,20171115,9133,9133,0,0,0,8937,8937,-196,-196,0,0,0
2523,pp1806,20171116,8937,8937,0,0,0,8937,8937,0,0,0,0,0
2524,pp1806,20171117,8937,8937,0,0,0,8975,8975,38,38,0,0,0
2525,pp1806,20171120,8975,8975,0,0,0,9084,9084,109,109,0,0,0
2526,pp1806,20171121,9084,9084,0,0,0,9193,9193,109,109,0,0,0
2527,pp1806,20171122,9193,9193,0,0,0,9181,9181,-12,-12,0,0,0
2528,pp1806,20171123,9181,9181,0,0,0,9181,9181,0,0,0,0,0
2529,pp1806,20171124,9181,9181,0,0,0,9163,9163,-18,-18,0,0,0
2530,pp1806,20171127,9163,9163,0,0,0,9137,9137,-26,-26,0,0,0
2531,pp1806,20171128,9137,9137,0,0,0,8861,8861,-276,-276,0,0,0
2532,pp1806,20171129,8861,8861,0,0,0,8861,8861,0,0,0,0,0
2533,pp1806,20171130,8861,8861,8856,8951,8856,8951,8871,90,10,246,10912390,202
2534,pp1806,20171201,8951,8871,8873,8873,8779,8830,8812,-41,-59,32,1409960,204
2535,pp1806,20171204,8830,8812,9130,9130,9130,9130,9130,318,318,2,91300,204
2536,pp1806,20171205,9130,9130,9135,9135,9135,9135,9135,5,5,8,365400,204
2537,pp1806,20171206,9135,9135,0,0,0,9135,9135,0,0,0,0,204
2538,pp1806,20171207,9135,9135,8997,8997,8810,8810,8934,-325,-201,6,268040,204
2539,pp1806,20171208,8810,8934,8834,8834,8834,8834,8834,-100,-100,2,88340,202
2540,pp1806,20171211,8834,8834,9062,9062,9030,9030,9046,196,212,4,180920,202
2541,pp1806,20171212,9030,9046,0,0,0,9092,9092,46,46,0,0,202
2542,pp1806,20171213,9092,9092,0,0,0,9004,9004,-88,-88,0,0,202
2543,pp1806,20171214,9004,9004,0,0,0,9004,9004,0,0,0,0,202
2544,pp1806,20171215,9004,9004,8981,8981,8867,8867,8924,-137,-80,16,713920,202
2545,pp1806,20171218,8867,8924,0,0,0,8924,8924,0,0,0,0,202
2546,pp1806,20171219,8924,8924,9197,9197,9142,9172,9192,248,268,220,10111500,10
2547,pp1806,20171220,9172,9192,0,0,0,9192,9192,0,0,0,0,10
2548,pp1806,20171221,9192,9192,0,0,0,9192,9192,0,0,0,0,10
2549,pp1806,20171222,9192,9192,0,0,0,9192,9192,0,0,0,0,10
2550,pp1806,20171225,9192,9192,0,0,0,9192,9192,0,0,0,0,10
2551,pp1806,20171226,9192,9192,0,0,0,9192,9192,0,0,0,0,10
2552,pp1806,20171227,9192,9192,0,0,0,9192,9192,0,0,0,0,10
2553,pp1806,20171228,9192,9192,0,0,0,9192,9192,0,0,0,0,10
2554,pp1806,20171229,9192,9192,0,0,0,9192,9192,0,0,0,0,10
2555,pp1807,20170717,7949,7949,0,0,0,7949,7949,0,0,0,0,0
2556,pp1807,20170718,7949,7949,0,0,0,7920,7920,-29,-29,0,0,0
2557,pp1807,20170719,7920,7920,0,0,0,7949,7949,29,29,0,0,0
2558,pp1807,20170720,7949,7949,8584,8584,8584,8584,8584,635,635,2,85840,2
2559,pp1807,20170721,8584,8584,0,0,0,8644,8644,60,60,0,0,2
2560,pp1807,20170724,8644,8644,0,0,0,8698,8698,54,54,0,0,2
2561,pp1807,20170725,8698,8698,0,0,0,8735,8735,37,37,0,0,2
2562,pp1807,20170726,8735,8735,0,0,0,8764,8764,29,29,0,0,2
2563,pp1807,20170727,8764,8764,0,0,0,8640,8640,-124,-124,0,0,2
2564,pp1807,20170728,8640,8640,0,0,0,8556,8556,-84,-84,0,0,2
2565,pp1807,20170731,8556,8556,0,0,0,8537,8537,-19,-19,0,0,2
2566,pp1807,20170801,8537,8537,0,0,0,8537,8537,0,0,0,0,2
2567,pp1807,20170802,8537,8537,0,0,0,8606,8606,69,69,0,0,2
2568,pp1807,20170803,8606,8606,0,0,0,8583,8583,-23,-23,0,0,2
2569,pp1807,20170804,8583,8583,0,0,0,8583,8583,0,0,0,0,2
2570,pp1807,20170807,8583,8583,0,0,0,8539,8539,-44,-44,0,0,2
2571,pp1807,20170808,8539,8539,0,0,0,8782,8782,243,243,0,0,2
2572,pp1807,20170809,8782,8782,0,0,0,8782,8782,0,0,0,0,2
2573,pp1807,20170810,8782,8782,0,0,0,8777,8777,-5,-5,0,0,2
2574,pp1807,20170811,8777,8777,0,0,0,8705,8705,-72,-72,0,0,2
2575,pp1807,20170814,8705,8705,0,0,0,8705,8705,0,0,0,0,2
2576,pp1807,20170815,8705,8705,0,0,0,8560,8560,-145,-145,0,0,2
2577,pp1807,20170816,8560,8560,0,0,0,8560,8560,0,0,0,0,2
2578,pp1807,20170817,8560,8560,0,0,0,8768,8768,208,208,0,0,2
2579,pp1807,20170818,8768,8768,0,0,0,8816,8816,48,48,0,0,2
2580,pp1807,20170821,8816,8816,0,0,0,8932,8932,116,116,0,0,2
2581,pp1807,20170822,8932,8932,0,0,0,9015,9015,83,83,0,0,2
2582,pp1807,20170823,9015,9015,0,0,0,9073,9073,58,58,0,0,2
2583,pp1807,20170824,9073,9073,0,0,0,9073,9073,0,0,0,0,2
2584,pp1807,20170825,9073,9073,0,0,0,9271,9271,198,198,0,0,2
2585,pp1807,20170828,9271,9271,0,0,0,9271,9271,0,0,0,0,2
2586,pp1807,20170829,9271,9271,0,0,0,9271,9271,0,0,0,0,2
2587,pp1807,20170830,9271,9271,0,0,0,9271,9271,0,0,0,0,2
2588,pp1807,20170831,9271,9271,0,0,0,9315,9315,44,44,0,0,2
2589,pp1807,20170901,9315,9315,0,0,0,9438,9438,123,123,0,0,2
2590,pp1807,20170904,9438,9438,0,0,0,9634,9634,196,196,0,0,2
2591,pp1807,20170905,9634,9634,0,0,0,9634,9634,0,0,0,0,2
2592,pp1807,20170906,9634,9634,0,0,0,9548,9548,-86,-86,0,0,2
2593,pp1807,20170907,9548,9548,0,0,0,9421,9421,-127,-127,0,0,2
2594,pp1807,20170908,9421,9421,0,0,0,9328,9328,-93,-93,0,0,2
2595,pp1807,20170911,9328,9328,0,0,0,9220,9220,-108,-108,0,0,2
2596,pp1807,20170912,9220,9220,0,0,0,9348,9348,128,128,0,0,2
2597,pp1807,20170913,9348,9348,0,0,0,9248,9248,-100,-100,0,0,2
2598,pp1807,20170914,9248,9248,0,0,0,9113,9113,-135,-135,0,0,2
2599,pp1807,20170915,9113,9113,0,0,0,8975,8975,-138,-138,0,0,2
2600,pp1807,20170918,8975,8975,0,0,0,8975,8975,0,0,0,0,2
2601,pp1807,20170919,8975,8975,0,0,0,8945,8945,-30,-30,0,0,2
2602,pp1807,20170920,8945,8945,0,0,0,8858,8858,-87,-87,0,0,2
2603,pp1807,20170921,8858,8858,0,0,0,8723,8723,-135,-135,0,0,2
2604,pp1807,20170922,8723,8723,0,0,0,8723,8723,0,0,0,0,2
2605,pp1807,20170925,8723,8723,0,0,0,8762,8762,39,39,0,0,2
2606,pp1807,20170926,8762,8762,0,0,0,8859,8859,97,97,0,0,2
2607,pp1807,20170927,8859,8859,0,0,0,8937,8937,78,78,0,0,2
2608,pp1807,20170928,8937,8937,0,0,0,8709,8709,-228,-228,0,0,2
2609,pp1807,20170929,8709,8709,0,0,0,8807,8807,98,98,0,0,2
2610,pp1807,20171009,8807,8807,0,0,0,8807,8807,0,0,0,0,2
2611,pp1807,20171010,8807,8807,0,0,0,8727,8727,-80,-80,0,0,2
2612,pp1807,20171011,8727,8727,0,0,0,8727,8727,0,0,0,0,2
2613,pp1807,20171012,8727,8727,0,0,0,8727,8727,0,0,0,0,2
2614,pp1807,20171013,8727,8727,0,0,0,8839,8839,112,112,0,0,2
2615,pp1807,20171016,8839,8839,0,0,0,9027,9027,188,188,0,0,2
2616,pp1807,20171017,9027,9027,0,0,0,9079,9079,52,52,0,0,2
2617,pp1807,20171018,9079,9079,0,0,0,9130,9130,51,51,0,0,2
2618,pp1807,20171019,9130,9130,0,0,0,8938,8938,-192,-192,0,0,2
2619,pp1807,20171020,8938,8938,0,0,0,9068,9068,130,130,0,0,2
2620,pp1807,20171023,9068,9068,0,0,0,9068,9068,0,0,0,0,2
2621,pp1807,20171024,9068,9068,0,0,0,9068,9068,0,0,0,0,2
2622,pp1807,20171025,9068,9068,0,0,0,9068,9068,0,0,0,0,2
2623,pp1807,20171026,9068,9068,0,0,0,8987,8987,-81,-81,0,0,2
2624,pp1807,20171027,8987,8987,0,0,0,8987,8987,0,0,0,0,2
2625,pp1807,20171030,8987,8987,0,0,0,8953,8953,-34,-34,0,0,2
2626,pp1807,20171031,8953,8953,0,0,0,8853,8853,-100,-100,0,0,2
2627,pp1807,20171101,8853,8853,0,0,0,8924,8924,71,71,0,0,2
2628,pp1807,20171102,8924,8924,0,0,0,8924,8924,0,0,0,0,2
2629,pp1807,20171103,8924,8924,0,0,0,9043,9043,119,119,0,0,2
2630,pp1807,20171106,9043,9043,0,0,0,9185,9185,142,142,0,0,2
2631,pp1807,20171107,9185,9185,0,0,0,9185,9185,0,0,0,0,2
2632,pp1807,20171108,9185,9185,0,0,0,9216,9216,31,31,0,0,2
2633,pp1807,20171109,9216,9216,0,0,0,9284,9284,68,68,0,0,2
2634,pp1807,20171110,9284,9284,0,0,0,9184,9184,-100,-100,0,0,2
2635,pp1807,20171113,9184,9184,0,0,0,9174,9174,-10,-10,0,0,2
2636,pp1807,20171114,9174,9174,0,0,0,9174,9174,0,0,0,0,2
2637,pp1807,20171115,9174,9174,0,0,0,8977,8977,-197,-197,0,0,2
2638,pp1807,20171116,8977,8977,0,0,0,8977,8977,0,0,0,0,2
2639,pp1807,20171117,8977,8977,0,0,0,9015,9015,38,38,0,0,2
2640,pp1807,20171120,9015,9015,0,0,0,9124,9124,109,109,0,0,2
2641,pp1807,20171121,9124,9124,0,0,0,9233,9233,109,109,0,0,2
2642,pp1807,20171122,9233,9233,0,0,0,9221,9221,-12,-12,0,0,2
2643,pp1807,20171123,9221,9221,0,0,0,9221,9221,0,0,0,0,2
2644,pp1807,20171124,9221,9221,0,0,0,9221,9221,0,0,0,0,2
2645,pp1807,20171127,9221,9221,0,0,0,9195,9195,-26,-26,0,0,2
2646,pp1807,20171128,9195,9195,0,0,0,8917,8917,-278,-278,0,0,2
2647,pp1807,20171129,8917,8917,0,0,0,8917,8917,0,0,0,0,2
2648,pp1807,20171130,8917,8917,0,0,0,8917,8917,0,0,0,0,2
2649,pp1807,20171201,8917,8917,0,0,0,8858,8858,-59,-59,0,0,2
2650,pp1807,20171204,8858,8858,0,0,0,9177,9177,319,319,0,0,2
2651,pp1807,20171205,9177,9177,0,0,0,9182,9182,5,5,0,0,2
2652,pp1807,20171206,9182,9182,0,0,0,9172,9172,-10,-10,0,0,2
2653,pp1807,20171207,9172,9172,0,0,0,8971,8971,-201,-201,0,0,2
2654,pp1807,20171208,8971,8971,0,0,0,8871,8871,-100,-100,0,0,2
2655,pp1807,20171211,8871,8871,0,0,0,9083,9083,212,212,0,0,2
2656,pp1807,20171212,9083,9083,0,0,0,9129,9129,46,46,0,0,2
2657,pp1807,20171213,9129,9129,0,0,0,9041,9041,-88,-88,0,0,2
2658,pp1807,20171214,9041,9041,0,0,0,9051,9051,10,10,0,0,2
2659,pp1807,20171215,9051,9051,0,0,0,8971,8971,-80,-80,0,0,2
2660,pp1807,20171218,8971,8971,0,0,0,9059,9059,88,88,0,0,2
2661,pp1807,20171219,9059,9059,9183,9183,9183,9183,9183,124,124,2,91830,4
2662,pp1807,20171220,9183,9183,0,0,0,9183,9183,0,0,0,0,4
2663,pp1807,20171221,9183,9183,0,0,0,9183,9183,0,0,0,0,4
2664,pp1807,20171222,9183,9183,0,0,0,9183,9183,0,0,0,0,4
2665,pp1807,20171225,9183,9183,0,0,0,9213,9213,30,30,0,0,4
2666,pp1807,20171226,9213,9213,0,0,0,9273,9273,60,60,0,0,4
2667,pp1807,20171227,9273,9273,0,0,0,9287,9287,14,14,0,0,4
2668,pp1807,20171228,9287,9287,0,0,0,9287,9287,0,0,0,0,4
2669,pp1807,20171229,9287,9287,0,0,0,9287,9287,0,0,0,0,4
2670,pp1808,20170815,8705,8705,0,0,0,8705,8705,0,0,0,0,0
2671,pp1808,20170816,8705,8705,0,0,0,8705,8705,0,0,0,0,0
2672,pp1808,20170817,8705,8705,0,0,0,8705,8705,0,0,0,0,0
2673,pp1808,20170818,8705,8705,0,0,0,8705,8705,0,0,0,0,0
2674,pp1808,20170821,8705,8705,0,0,0,8705,8705,0,0,0,0,0
2675,pp1808,20170822,8705,8705,0,0,0,8786,8786,81,81,0,0,0
2676,pp1808,20170823,8786,8786,0,0,0,8843,8843,57,57,0,0,0
2677,pp1808,20170824,8843,8843,0,0,0,8843,8843,0,0,0,0,0
2678,pp1808,20170825,8843,8843,0,0,0,9036,9036,193,193,0,0,0
2679,pp1808,20170828,9036,9036,0,0,0,9036,9036,0,0,0,0,0
2680,pp1808,20170829,9036,9036,0,0,0,9036,9036,0,0,0,0,0
2681,pp1808,20170830,9036,9036,0,0,0,9036,9036,0,0,0,0,0
2682,pp1808,20170831,9036,9036,0,0,0,9079,9079,43,43,0,0,0
2683,pp1808,20170901,9079,9079,0,0,0,9199,9199,120,120,0,0,0
2684,pp1808,20170904,9199,9199,0,0,0,9390,9390,191,191,0,0,0
2685,pp1808,20170905,9390,9390,9591,9699,9591,9699,9645,309,255,8,385800,2
2686,pp1808,20170906,9699,9645,0,0,0,9559,9559,-86,-86,0,0,2
2687,pp1808,20170907,9559,9559,0,0,0,9432,9432,-127,-127,0,0,2
2688,pp1808,20170908,9432,9432,0,0,0,9339,9339,-93,-93,0,0,2
2689,pp1808,20170911,9339,9339,0,0,0,9231,9231,-108,-108,0,0,2
2690,pp1808,20170912,9231,9231,9478,9483,9478,9483,9482,252,251,30,1422400,32
2691,pp1808,20170913,9483,9482,0,0,0,9381,9381,-101,-101,0,0,32
2692,pp1808,20170914,9381,9381,0,0,0,9244,9244,-137,-137,0,0,32
2693,pp1808,20170915,9244,9244,0,0,0,9244,9244,0,0,0,0,32
2694,pp1808,20170918,9244,9244,0,0,0,9216,9216,-28,-28,0,0,32
2695,pp1808,20170919,9216,9216,0,0,0,9186,9186,-30,-30,0,0,32
2696,pp1808,20170920,9186,9186,0,0,0,9097,9097,-89,-89,0,0,32
2697,pp1808,20170921,9097,9097,0,0,0,8958,8958,-139,-139,0,0,32
2698,pp1808,20170922,8958,8958,0,0,0,8897,8897,-61,-61,0,0,32
2699,pp1808,20170925,8897,8897,0,0,0,8937,8937,40,40,0,0,32
2700,pp1808,20170926,8937,8937,0,0,0,8937,8937,0,0,0,0,32
2701,pp1808,20170927,8937,8937,0,0,0,8937,8937,0,0,0,0,32
2702,pp1808,20170928,8937,8937,8937,8937,8666,8799,8776,-138,-161,32,1404300,44
2703,pp1808,20170929,8799,8776,8799,8950,8799,8950,8883,174,107,6,266490,42
2704,pp1808,20171009,8950,8883,0,0,0,8883,8883,0,0,0,0,42
2705,pp1808,20171010,8883,8883,8730,8730,8730,8730,8730,-153,-153,4,174600,40
2706,pp1808,20171011,8730,8730,0,0,0,8730,8730,0,0,0,0,40
2707,pp1808,20171012,8730,8730,0,0,0,8730,8730,0,0,0,0,40
2708,pp1808,20171013,8730,8730,0,0,0,8842,8842,112,112,0,0,40
2709,pp1808,20171016,8842,8842,8986,8986,8928,8928,8957,86,115,8,358280,36
2710,pp1808,20171017,8928,8957,0,0,0,8957,8957,0,0,0,0,36
2711,pp1808,20171018,8957,8957,0,0,0,8957,8957,0,0,0,0,36
2712,pp1808,20171019,8957,8957,8890,8890,8752,8802,8782,-155,-175,44,1932040,20
2713,pp1808,20171020,8802,8782,8837,8837,8836,8836,8836,54,54,16,706940,8
2714,pp1808,20171023,8836,8836,0,0,0,8961,8961,125,125,0,0,8
2715,pp1808,20171024,8961,8961,0,0,0,8961,8961,0,0,0,0,8
2716,pp1808,20171025,8961,8961,0,0,0,8961,8961,0,0,0,0,8
2717,pp1808,20171026,8961,8961,0,0,0,8961,8961,0,0,0,0,8
2718,pp1808,20171027,8961,8961,0,0,0,8961,8961,0,0,0,0,8
2719,pp1808,20171030,8961,8961,0,0,0,8961,8961,0,0,0,0,8
2720,pp1808,20171031,8961,8961,0,0,0,8861,8861,-100,-100,0,0,8
2721,pp1808,20171101,8861,8861,0,0,0,8861,8861,0,0,0,0,8
2722,pp1808,20171102,8861,8861,0,0,0,8861,8861,0,0,0,0,8
2723,pp1808,20171103,8861,8861,9025,9025,9025,9025,9025,164,164,2,90250,6
2724,pp1808,20171106,9025,9025,0,0,0,9025,9025,0,0,0,0,6
2725,pp1808,20171107,9025,9025,0,0,0,9087,9087,62,62,0,0,6
2726,pp1808,20171108,9087,9087,0,0,0,9118,9118,31,31,0,0,6
2727,pp1808,20171109,9118,9118,0,0,0,9186,9186,68,68,0,0,6
2728,pp1808,20171110,9186,9186,9200,9300,9200,9300,9233,114,47,6,277000,6
2729,pp1808,20171113,9300,9233,9364,9364,9364,9364,9364,131,131,2,93640,6
2730,pp1808,20171114,9364,9364,0,0,0,9364,9364,0,0,0,0,6
2731,pp1808,20171115,9364,9364,0,0,0,9163,9163,-201,-201,0,0,6
2732,pp1808,20171116,9163,9163,0,0,0,9163,9163,0,0,0,0,6
2733,pp1808,20171117,9163,9163,0,0,0,9163,9163,0,0,0,0,6
2734,pp1808,20171120,9163,9163,0,0,0,9163,9163,0,0,0,0,6
2735,pp1808,20171121,9163,9163,0,0,0,9163,9163,0,0,0,0,6
2736,pp1808,20171122,9163,9163,0,0,0,9163,9163,0,0,0,0,6
2737,pp1808,20171123,9163,9163,0,0,0,9163,9163,0,0,0,0,6
2738,pp1808,20171124,9163,9163,0,0,0,9145,9145,-18,-18,0,0,6
2739,pp1808,20171127,9145,9145,0,0,0,9119,9119,-26,-26,0,0,6
2740,pp1808,20171128,9119,9119,0,0,0,9119,9119,0,0,0,0,6
2741,pp1808,20171129,9119,9119,0,0,0,9119,9119,0,0,0,0,6
2742,pp1808,20171130,9119,9119,0,0,0,9129,9129,10,10,0,0,6
2743,pp1808,20171201,9129,9129,0,0,0,9069,9069,-60,-60,0,0,6
2744,pp1808,20171204,9069,9069,0,0,0,9069,9069,0,0,0,0,6
2745,pp1808,20171205,9069,9069,0,0,0,9069,9069,0,0,0,0,6
2746,pp1808,20171206,9069,9069,0,0,0,9060,9060,-9,-9,0,0,6
2747,pp1808,20171207,9060,9060,0,0,0,9060,9060,0,0,0,0,6
2748,pp1808,20171208,9060,9060,0,0,0,9060,9060,0,0,0,0,6
2749,pp1808,20171211,9060,9060,9060,9060,9060,9060,9060,0,0,2,90600,4
2750,pp1808,20171212,9060,9060,9101,9101,9101,9101,9101,41,41,2,91010,4
2751,pp1808,20171213,9101,9101,0,0,0,9013,9013,-88,-88,0,0,4
2752,pp1808,20171214,9013,9013,0,0,0,9023,9023,10,10,0,0,4
2753,pp1808,20171215,9023,9023,0,0,0,9023,9023,0,0,0,0,4
2754,pp1808,20171218,9023,9023,0,0,0,9023,9023,0,0,0,0,4
2755,pp1808,20171219,9023,9023,0,0,0,9146,9146,123,123,0,0,4
2756,pp1808,20171220,9146,9146,0,0,0,9146,9146,0,0,0,0,4
2757,pp1808,20171221,9146,9146,0,0,0,9146,9146,0,0,0,0,4
2758,pp1808,20171222,9146,9146,0,0,0,9146,9146,0,0,0,0,4
2759,pp1808,20171225,9146,9146,0,0,0,9146,9146,0,0,0,0,4
2760,pp1808,20171226,9146,9146,0,0,0,9146,9146,0,0,0,0,4
2761,pp1808,20171227,9146,9146,9238,9238,9238,9238,9238,92,92,2,92380,6
2762,pp1808,20171228,9238,9238,9240,9240,9240,9240,9240,2,2,2,92400,6
2763,pp1808,20171229,9240,9240,0,0,0,9240,9240,0,0,0,0,6
2764,pp1809,20170915,9244,9244,8953,8953,8880,8950,8936,-294,-308,40,1787280,26
2765,pp1809,20170918,8950,8936,8930,8980,8800,8950,8883,14,-53,212,9416370,68
2766,pp1809,20170919,8950,8883,8947,8980,8776,8790,8889,-93,6,112,4977880,90
2767,pp1809,20170920,8790,8889,8827,8833,8740,8802,8781,-87,-108,52,2283280,112
2768,pp1809,20170921,8802,8781,8802,8802,8583,8583,8654,-198,-127,100,4327300,166
2769,pp1809,20170922,8583,8654,8550,8658,8550,8658,8592,4,-62,188,8077170,210
2770,pp1809,20170925,8658,8592,8600,8700,8550,8650,8647,58,55,178,7695840,216
2771,pp1809,20170926,8650,8647,8720,8769,8665,8748,8729,101,82,100,4364720,234
2772,pp1809,20170927,8748,8729,8747,8822,8747,8791,8799,62,70,70,3079790,234
2773,pp1809,20170928,8791,8799,8790,8790,8514,8570,8600,-229,-199,294,12642560,416
2774,pp1809,20170929,8570,8600,8669,8750,8630,8750,8709,150,109,94,4093250,396
2775,pp1809,20171009,8750,8709,8850,8902,8650,8714,8782,5,73,194,8519450,470
2776,pp1809,20171010,8714,8782,8741,8780,8648,8649,8683,-133,-99,310,13459720,656
2777,pp1809,20171011,8649,8683,8620,8680,8605,8605,8628,-78,-55,442,19069810,976
2778,pp1809,20171012,8605,8628,8602,8602,8520,8588,8567,-40,-61,140,5997570,1002
2779,pp1809,20171013,8588,8567,8652,8876,8648,8876,8765,309,198,492,21563270,1014
2780,pp1809,20171016,8876,8765,8955,9031,8876,9031,8951,266,186,264,11816160,988
2781,pp1809,20171017,9031,8951,9000,9073,8919,8985,8996,34,45,226,10166130,992
2782,pp1809,20171018,8985,8996,9009,9100,9000,9000,9050,4,54,76,3439180,974
2783,pp1809,20171019,9000,9050,8950,8950,8788,8818,8875,-232,-175,300,13313000,1030
2784,pp1809,20171020,8818,8875,8866,9120,8850,9120,9008,245,133,272,12251630,1020
2785,pp1809,20171023,9120,9008,9118,9180,9063,9118,9126,110,118,274,12503320,1118
2786,pp1809,20171024,9118,9126,9155,9200,9052,9106,9151,-20,25,452,20681830,1104
2787,pp1809,20171025,9106,9151,9133,9178,9020,9093,9103,-58,-48,150,6827960,1076
2788,pp1809,20171026,9093,9103,9118,9118,8955,8955,9004,-148,-99,146,6573380,1078
2789,pp1809,20171027,8955,9004,8979,8985,8816,8819,8867,-185,-137,238,10552410,1108
2790,pp1809,20171030,8819,8867,8865,8893,8836,8840,8860,-27,-7,88,3898570,1120
2791,pp1809,20171031,8840,8860,8739,8803,8720,8765,8756,-95,-104,334,14623690,1140
2792,pp1809,20171101,8765,8756,8765,8990,8765,8806,8864,50,108,178,7889390,1122
2793,pp1809,20171102,8806,8864,8899,8950,8850,8950,8897,86,33,206,9164400,1150
2794,pp1809,20171103,8950,8897,8950,9068,8948,9057,9012,160,115,466,20999460,1276
2795,pp1809,20171106,9057,9012,9060,9175,9060,9175,9135,163,123,328,14982410,1364
2796,pp1809,20171107,9175,9135,9210,9250,9133,9220,9188,85,53,318,14610140,1396
2797,pp1809,20171108,9220,9188,9185,9265,9161,9221,9221,33,33,236,10881510,1474
2798,pp1809,20171109,9221,9221,9260,9345,9197,9237,9280,16,59,562,26077380,1586
2799,pp1809,20171110,9237,9280,9294,9299,9138,9166,9198,-114,-82,608,27964740,1526
2800,pp1809,20171113,9166,9198,9179,9224,9104,9221,9196,23,-2,190,8736330,1574
2801,pp1809,20171114,9221,9196,9221,9249,9130,9160,9168,-36,-28,250,11460480,1610
2802,pp1809,20171115,9160,9168,9048,9050,8900,8988,8998,-180,-170,608,27355070,1638
2803,pp1809,20171116,8988,8998,9014,9042,8926,8926,8976,-72,-22,420,18850840,1642
2804,pp1809,20171117,8926,8976,8901,9091,8901,9091,9041,115,65,684,30923320,1748
2805,pp1809,20171120,9091,9041,9110,9174,9022,9174,9080,133,39,726,32963440,1970
2806,pp1809,20171121,9174,9080,9217,9224,9168,9197,9195,117,115,492,22620710,2090
2807,pp1809,20171122,9197,9195,9260,9260,9133,9200,9186,5,-9,298,13688090,2096
2808,pp1809,20171123,9200,9186,9260,9292,9150,9155,9221,-31,35,302,13923940,2186
2809,pp1809,20171124,9155,9221,9180,9248,9180,9205,9205,-16,-16,314,14452620,2326
2810,pp1809,20171127,9205,9205,9264,9330,8957,8965,9145,-240,-60,1242,56791410,2406
2811,pp1809,20171128,8965,9145,8925,8970,8878,8880,8933,-265,-212,1034,46184950,2188
2812,pp1809,20171129,8880,8933,8899,8980,8868,8920,8939,-13,6,508,22705130,2336
2813,pp1809,20171130,8920,8939,8929,9009,8756,8797,8831,-142,-108,1584,69949040,2828
2814,pp1809,20171201,8797,8831,8786,8944,8786,8900,8854,69,23,3152,139539450,4214
2815,pp1809,20171204,8900,8854,8943,9130,8943,9101,9044,247,190,3344,151220410,3760
2816,pp1809,20171205,9101,9044,9096,9157,9038,9055,9084,11,40,3548,161156290,3716
2817,pp1809,20171206,9055,9084,9020,9150,8970,8990,9052,-94,-32,5948,269224970,5992
2818,pp1809,20171207,8990,9052,8997,8997,8725,8732,8814,-320,-238,3436,151431550,6418
2819,pp1809,20171208,8732,8814,8742,8959,8732,8895,8879,81,65,7288,323563540,10128
2820,pp1809,20171211,8895,8879,8915,9035,8900,8985,8995,106,116,7104,319520450,14322
2821,pp1809,20171212,8985,8995,9050,9090,8988,9090,9022,95,27,7076,319221120,17438
2822,pp1809,20171213,9090,9022,9036,9112,8880,8971,8956,-51,-66,6724,301107550,19458
2823,pp1809,20171214,8971,8956,8956,9057,8882,8890,8920,-66,-36,10514,468962400,25250
2824,pp1809,20171215,8890,8920,8915,8925,8800,8820,8845,-100,-75,7818,345786400,28452
2825,pp1809,20171218,8820,8845,8909,8994,8880,8955,8934,110,89,4010,179136470,29102
2826,pp1809,20171219,8955,8934,8980,9104,8924,9102,9037,168,103,4104,185445980,29300
2827,pp1809,20171220,9102,9037,9142,9150,9083,9125,9107,88,70,2834,129050610,29622
2828,pp1809,20171221,9125,9107,9095,9205,9056,9153,9150,46,43,4760,217781940,30716
2829,pp1809,20171222,9153,9150,9175,9210,9058,9143,9114,-7,-36,4130,188218270,31068
2830,pp1809,20171225,9143,9114,9125,9220,9048,9083,9138,-31,24,5866,268019330,31858
2831,pp1809,20171226,9083,9138,9125,9275,9087,9241,9217,103,79,8452,389528860,32418
2832,pp1809,20171227,9241,9217,9251,9289,9121,9140,9179,-77,-38,11566,530867680,35014
2833,pp1809,20171228,9140,9179,9179,9205,9120,9176,9168,-3,-11,6254,286707380,35534
2834,pp1809,20171229,9176,9168,9205,9247,9130,9200,9178,32,10,8490,389621060,37304
2835,pp1810,20171023,9008,9008,0,0,0,9008,9008,0,0,0,0,0
2836,pp1810,20171024,9008,9008,0,0,0,9008,9008,0,0,0,0,0
2837,pp1810,20171025,9008,9008,0,0,0,8961,8961,-47,-47,0,0,0
2838,pp1810,20171026,8961,8961,0,0,0,8864,8864,-97,-97,0,0,0
2839,pp1810,20171027,8864,8864,0,0,0,8730,8730,-134,-134,0,0,0
2840,pp1810,20171030,8730,8730,0,0,0,8730,8730,0,0,0,0,0
2841,pp1810,20171031,8730,8730,0,0,0,8730,8730,0,0,0,0,0
2842,pp1810,20171101,8730,8730,0,0,0,8837,8837,107,107,0,0,0
2843,pp1810,20171102,8837,8837,0,0,0,8837,8837,0,0,0,0,0
2844,pp1810,20171103,8837,8837,0,0,0,8837,8837,0,0,0,0,0
2845,pp1810,20171106,8837,8837,9000,9158,9000,9156,9086,319,249,32,1453760,0
2846,pp1810,20171107,9156,9086,0,0,0,9086,9086,0,0,0,0,0
2847,pp1810,20171108,9086,9086,0,0,0,9118,9118,32,32,0,0,0
2848,pp1810,20171109,9118,9118,9330,9419,9156,9223,9314,105,196,64,2980530,6
2849,pp1810,20171110,9223,9314,9562,9562,9246,9279,9362,-35,48,6,280870,6
2850,pp1810,20171113,9279,9362,0,0,0,9362,9362,0,0,0,0,6
2851,pp1810,20171114,9362,9362,0,0,0,9334,9334,-28,-28,0,0,6
2852,pp1810,20171115,9334,9334,0,0,0,9161,9161,-173,-173,0,0,6
2853,pp1810,20171116,9161,9161,0,0,0,9139,9139,-22,-22,0,0,6
2854,pp1810,20171117,9139,9139,0,0,0,9139,9139,0,0,0,0,6
2855,pp1810,20171120,9139,9139,0,0,0,9139,9139,0,0,0,0,6
2856,pp1810,20171121,9139,9139,0,0,0,9139,9139,0,0,0,0,6
2857,pp1810,20171122,9139,9139,0,0,0,9139,9139,0,0,0,0,6
2858,pp1810,20171123,9139,9139,0,0,0,9173,9173,34,34,0,0,6
2859,pp1810,20171124,9173,9173,0,0,0,9173,9173,0,0,0,0,6
2860,pp1810,20171127,9173,9173,0,0,0,9114,9114,-59,-59,0,0,6
2861,pp1810,20171128,9114,9114,0,0,0,9114,9114,0,0,0,0,6
2862,pp1810,20171129,9114,9114,0,0,0,9091,9091,-23,-23,0,0,6
2863,pp1810,20171130,9091,9091,0,0,0,9022,9022,-69,-69,0,0,6
2864,pp1810,20171201,9022,9022,0,0,0,8966,8966,-56,-56,0,0,6
2865,pp1810,20171204,8966,8966,9003,9003,9003,9003,9003,37,37,2,90030,8
2866,pp1810,20171205,9003,9003,0,0,0,9003,9003,0,0,0,0,8
2867,pp1810,20171206,9003,9003,0,0,0,9003,9003,0,0,0,0,8
2868,pp1810,20171207,9003,9003,8888,8888,8881,8881,8884,-122,-119,4,177690,6
2869,pp1810,20171208,8881,8884,0,0,0,8884,8884,0,0,0,0,6
2870,pp1810,20171211,8884,8884,0,0,0,8884,8884,0,0,0,0,6
2871,pp1810,20171212,8884,8884,0,0,0,8893,8893,9,9,0,0,6
2872,pp1810,20171213,8893,8893,0,0,0,8893,8893,0,0,0,0,6
2873,pp1810,20171214,8893,8893,0,0,0,8893,8893,0,0,0,0,6
2874,pp1810,20171215,8893,8893,0,0,0,8893,8893,0,0,0,0,6
2875,pp1810,20171218,8893,8893,0,0,0,8893,8893,0,0,0,0,6
2876,pp1810,20171219,8893,8893,0,0,0,8995,8995,102,102,0,0,6
2877,pp1810,20171220,8995,8995,0,0,0,9014,9014,19,19,0,0,6
2878,pp1810,20171221,9014,9014,0,0,0,9014,9014,0,0,0,0,6
2879,pp1810,20171222,9014,9014,0,0,0,9014,9014,0,0,0,0,6
2880,pp1810,20171225,9014,9014,0,0,0,9014,9014,0,0,0,0,6
2881,pp1810,20171226,9014,9014,0,0,0,9014,9014,0,0,0,0,6
2882,pp1810,20171227,9014,9014,0,0,0,9014,9014,0,0,0,0,6
2883,pp1810,20171228,9014,9014,0,0,0,9014,9014,0,0,0,0,6
2884,pp1810,20171229,9014,9014,0,0,0,9020,9020,6,6,0,0,6
2885,pp1811,20171115,9334,9334,0,0,0,9161,9161,-173,-173,0,0,0
2886,pp1811,20171116,9161,9161,0,0,0,9161,9161,0,0,0,0,0
2887,pp1811,20171117,9161,9161,0,0,0,9161,9161,0,0,0,0,0
2888,pp1811,20171120,9161,9161,0,0,0,9161,9161,0,0,0,0,0
2889,pp1811,20171121,9161,9161,0,0,0,9161,9161,0,0,0,0,0
2890,pp1811,20171122,9161,9161,0,0,0,9161,9161,0,0,0,0,0
2891,pp1811,20171123,9161,9161,0,0,0,9161,9161,0,0,0,0,0
2892,pp1811,20171124,9161,9161,0,0,0,9161,9161,0,0,0,0,0
2893,pp1811,20171127,9161,9161,0,0,0,9102,9102,-59,-59,0,0,0
2894,pp1811,20171128,9102,9102,0,0,0,9102,9102,0,0,0,0,0
2895,pp1811,20171129,9102,9102,0,0,0,9102,9102,0,0,0,0,0
2896,pp1811,20171130,9102,9102,0,0,0,8993,8993,-109,-109,0,0,0
2897,pp1811,20171201,8993,8993,0,0,0,9016,9016,23,23,0,0,0
2898,pp1811,20171204,9016,9016,0,0,0,9053,9053,37,37,0,0,0
2899,pp1811,20171205,9053,9053,0,0,0,9093,9093,40,40,0,0,0
2900,pp1811,20171206,9093,9093,0,0,0,9061,9061,-32,-32,0,0,0
2901,pp1811,20171207,9061,9061,0,0,0,8942,8942,-119,-119,0,0,0
2902,pp1811,20171208,8942,8942,0,0,0,9007,9007,65,65,0,0,0
2903,pp1811,20171211,9007,9007,0,0,0,9124,9124,117,117,0,0,0
2904,pp1811,20171212,9124,9124,0,0,0,9151,9151,27,27,0,0,0
2905,pp1811,20171213,9151,9151,0,0,0,9151,9151,0,0,0,0,0
2906,pp1811,20171214,9151,9151,0,0,0,9151,9151,0,0,0,0,0
2907,pp1811,20171215,9151,9151,0,0,0,9151,9151,0,0,0,0,0
2908,pp1811,20171218,9151,9151,0,0,0,9151,9151,0,0,0,0,0
2909,pp1811,20171219,9151,9151,0,0,0,9151,9151,0,0,0,0,0
2910,pp1811,20171220,9151,9151,0,0,0,9151,9151,0,0,0,0,0
2911,pp1811,20171221,9151,9151,0,0,0,9151,9151,0,0,0,0,0
2912,pp1811,20171222,9151,9151,0,0,0,9151,9151,0,0,0,0,0
2913,pp1811,20171225,9151,9151,0,0,0,9151,9151,0,0,0,0,0
2914,pp1811,20171226,9151,9151,0,0,0,9151,9151,0,0,0,0,0
2915,pp1811,20171227,9151,9151,0,0,0,9151,9151,0,0,0,0,0
2916,pp1811,20171228,9151,9151,0,0,0,9151,9151,0,0,0,0,0
2917,pp1811,20171229,9151,9151,0,0,0,9151,9151,0,0,0,0,0
2918,pp1812,20171215,9151,9151,0,0,0,9075,9075,-76,-76,0,0,0
2919,pp1812,20171218,9075,9075,0,0,0,9075,9075,0,0,0,0,0
2920,pp1812,20171219,9075,9075,0,0,0,9075,9075,0,0,0,0,0
2921,pp1812,20171220,9075,9075,0,0,0,9075,9075,0,0,0,0,0
2922,pp1812,20171221,9075,9075,0,0,0,9075,9075,0,0,0,0,0
2923,pp1812,20171222,9075,9075,0,0,0,9040,9040,-35,-35,0,0,0
2924,pp1812,20171225,9040,9040,0,0,0,9063,9063,23,23,0,0,0
2925,pp1812,20171226,9063,9063,0,0,0,9063,9063,0,0,0,0,0
2926,pp1812,20171227,9063,9063,0,0,0,9063,9063,0,0,0,0,0
2927,pp1812,20171228,9063,9063,0,0,0,9063,9063,0,0,0,0,0
2928,pp1812,20171229,9063,9063,0,0,0,9063,9063,0,0,0,0,0
